(61,59,0.7575672371836625) (46,56,0.783873535539823) (72,32,0.8986525998052765) (31,89,0.8021890097498923) (9,78,0.8787668789536593) (0,46,0.9495887782396681) (68,59,0.9407944269680459) (80,1,0.7787199181409442) (76,59,0.769211354235147) (43,18,0.7786201755342514) (42,32,0.824178456747171) (10,17,0.9431752483316072) (95,81,0.9124760232723068) (89,15,0.763912075675383) (69,2,0.9227641775436233) 
(38,33,0.8855819248862906) (49,18,0.8440466632927898) (34,6,0.9419270437762706) (28,84,0.8084580024263244) (98,3,0.8553268759265367) (78,31,0.859030520985252) (66,10,0.7865134874836445) (78,74,0.8444858553045724) (67,97,0.934247901288134) (44,61,0.8412775943714754) (95,26,0.9345986027832817) (57,38,0.904753594140049) (11,15,0.8485313315718698) (33,31,0.8810890327402521) (82,23,0.892454000559361) 
(33,26,0.7711160943856169) (67,34,0.7701465304555819) (0,91,0.8668125714786601) (65,51,0.8006127698636487) (60,91,0.8584849786955066) (52,83,0.8202053488514263) (18,57,0.8757991551382458) (82,90,0.8799449908112769) (69,14,0.8116994965352844) (56,72,0.9305124901257702) (54,77,0.8127900624625553) (22,13,0.8203883740130915) (51,52,0.9387499313525665) (71,79,0.8037210951498545) (87,96,0.9058569710798674) 
(5,75,0.9417219769129732) (3,13,0.9274936720694963) (55,42,0.8185168857522978) (62,60,0.8658631665145601) (25,41,0.8286197401803882) (89,98,0.8959087851203869) (45,98,0.8852443423751319) (29,19,0.8711083250861904) (51,36,0.7551594993581807) (54,70,0.9488310755418097) (88,13,0.7618021286624781) (0,52,0.8072810757926343) (21,60,0.8828414875045375) (5,60,0.9185649959398323) (30,14,0.8776666767918176) 
(19,50,0.9270421949119644) (54,23,0.8070758698778531) (14,32,0.9405809921927144) (14,1,0.915494487037697) (70,18,0.7530300712546959) (5,44,0.8795716863651908) (69,52,0.8099353760848853) (71,22,0.8213358186118518) (27,78,0.7757954524429749) (84,1,0.8411550231070524) (20,81,0.8483168319126573) (88,8,0.9122810608220709) (13,47,0.9131102692801569) (30,96,0.8554400752494806) (70,29,0.8937034036484899) 
(96,53,0.7608293941440246) (77,17,0.8545365516962048) (69,99,0.8152744931782341) (18,93,0.9245938389702324) (91,38,0.9103202239186055) (97,77,0.8558877713354712) (12,60,0.9150150189203469) (13,40,0.8337568384810581) (52,16,0.9108043229158055) (54,6,0.8972694058478994) (67,52,0.8206202269233688) (85,47,0.7928086995620146) (98,10,0.9387530682785503) (96,13,0.8662583667223778) (92,48,0.824010348205023) 
(37,11,0.877677632963164) (35,22,0.7875438045637273) (66,8,0.805455359758513) (11,70,0.8709449884907543) (15,37,0.8922804297507676) (4,68,0.8936738045157793) (34,80,0.8516331326738271) (14,24,0.7998894240631171) (24,60,0.8873275098880278) (6,33,0.8942868454835875) (96,18,0.8449913763440843) (95,31,0.7672143241664672) (26,34,0.9000624666175099) (3,4,0.7538585874217897) (86,43,0.845146432629746) 
(38,47,0.8789099360888125) (52,79,0.864381068314702) (32,86,0.781556957044494) (56,48,0.796307843672098) (23,32,0.7702292684556657) (27,3,0.8618475333798602) (91,18,0.9239132534241705) (22,42,0.8081361148203285) (92,58,0.7716821688903729) (65,57,0.9154928192408371) (39,30,0.7823917446657029) (50,87,0.8316722344433173) (48,54,0.7972568973078412) (49,24,0.8009135525882488) (13,94,0.8316713237668422) 
(58,91,0.8231477505191169) (67,24,0.8748559583445287) (43,19,0.9293281417399621) (68,62,0.7867392531317998) (8,1,0.8804736445639454) (11,89,0.8137813308100101) (92,5,0.8583428209834124) (48,64,0.9439153016972227) (71,27,0.7886637015160203) (27,39,0.94196887237608) (1,28,0.8570156603648994) (89,78,0.9039792139768922) (31,99,0.8935942132031539) (56,27,0.7660173729610699) (86,47,0.863012131837375) 
(68,22,0.8956138710451619) (73,29,0.7827454606951465) (78,85,0.778901501938777) (62,23,0.8712531429247962) (70,68,0.940383432333501) (67,93,0.8152853144958617) (53,13,0.8136855818241506) (0,18,0.7594419699687283) (18,60,0.9461841540733813) (56,98,0.837155597018972) (64,32,0.77389135976718) (47,89,0.8065670505932101) (29,41,0.7871414669866045) (44,51,0.9159502033458524) (88,49,0.8463816458271317) 
(97,23,0.7747340972698122) (1,63,0.8763874284792649) (95,69,0.8939905307553407) (78,74,0.9160687147676269) (4,26,0.7746505096766019) (68,76,0.844070457297751) (9,71,0.8268640523033122) (58,28,0.8983264133266196) (73,11,0.8861973735764612) (37,25,0.9267984118903857) (39,92,0.8564277284147924) (32,7,0.864333580074084) (31,67,0.9431068329555697) (31,99,0.9024669478627245) (88,33,0.9332448013853412) 
(10,79,0.9496787038085583) (18,75,0.925000184739888) (24,35,0.8095819808316003) (96,62,0.8753565040374913) (43,88,0.8379905721654785) (1,53,0.8530467455520632) (61,17,0.9112454736104908) (78,19,0.7502141223277045) (13,35,0.8878660769135487) (57,21,0.9469641293074533) (61,38,0.8813396779117972) (61,22,0.9222189648594434) (38,63,0.8715554359294977) (91,98,0.917317251421695) (77,29,0.7918503597609517) 
(97,7,0.7905988269047148) (5,48,0.9081073917384664) (5,47,0.7884097411895848) (20,51,0.8274563733732102) (28,29,0.8411953915618487) (53,54,0.7515418019626496) (84,11,0.7781518803737117) (15,68,0.8583546053992808) (63,84,0.8573634176345284) (87,82,0.9241215340276739) (57,54,0.8951693859406842) (61,20,0.9061253872043679) (25,87,0.8578130964750909) (87,71,0.8002769280579257) (74,38,0.9008214836690603) 
(77,13,0.9022488130419317) (71,12,0.9466886140622803) (56,96,0.8326340173396454) (34,44,0.79735489971869) (92,58,0.8132308622205677) (86,33,0.892740476084875) (64,89,0.8811044270221975) (43,73,0.9272708651505637) (53,68,0.8498499449700735) (19,58,0.7977706588708067) (5,53,0.942124584660293) (32,15,0.8214325252278777) (36,55,0.8258746166112879) (88,74,0.9343526185158326) (91,73,0.8434528848949812) 
(48,65,0.8906383969418572) (90,67,0.8212078696228673) (57,2,0.7732379888993829) (14,80,0.8999057427328022) (64,58,0.8022599741889367) (13,31,0.8419698408565246) (51,44,0.79027786695542) (0,31,0.8199366388456715) (2,39,0.9383735805063177) (52,69,0.9338050330484443) (14,25,0.7841968368931639) (94,64,0.9441210329636535) (16,44,0.9072152343394865) (88,22,0.8647569444126295) (13,33,0.9177000023797225) 
(37,50,0.8106946934136866) (2,5,0.8220539794872439) (1,36,0.8606108152175377) (58,77,0.8927676192748389) (56,2,0.7785739303952215) (2,53,0.8204336842216906) (63,19,0.8432473253146474) (48,30,0.8337229119225977) (18,90,0.9029537601886453) (58,28,0.7654451848680041) (36,66,0.7656032840103498) (56,12,0.7535276567351005) (92,76,0.7783655339684893) (32,72,0.7893074374074406) (46,39,0.9484760431664637) 
(84,52,0.9386705384972884) (99,1,0.9150329163171396) (24,46,0.9372916471608222) (69,8,0.9338983122977351) (79,96,0.8476447411210423) (75,28,0.7653725344705224) (95,81,0.9191938545816561) (10,66,0.7785133105398507) (90,70,0.7541998900296175) (68,46,0.7934983897432816) (57,37,0.8027820041910227) (1,25,0.8558193994642224) (92,23,0.9386724475925619) (8,30,0.8961338598643672) (76,0,0.9112259754387408) 
(98,44,0.7768689734462928) (93,6,0.8058798295966518) (47,18,0.7508691072699845) (5,50,0.8554603911914768) (15,80,0.9206502125952127) (82,28,0.8512840693706013) (33,47,0.9276241324293009) (94,47,0.8734376428311647) (1,95,0.878032726270999) (23,76,0.8648921915261607) (84,22,0.8811148850771341) (93,61,0.8689230332994492) (39,35,0.9164143939772333) (35,50,0.8487824220769113) (8,89,0.877435645972947) 
(28,44,0.8558983297431846) (20,71,0.827545089792889) (93,33,0.9363078445115051) (1,19,0.917169595787484) (50,44,0.8772985128224764) (40,88,0.9029189859163493) (72,84,0.9082614545497173) (7,80,0.7688999023578288) (40,37,0.8825319020171307) (91,81,0.8559755935752348) (96,8,0.868566669437012) (2,61,0.7621541445935334) (33,58,0.9431016378234586) (76,48,0.8820212793382295) (50,31,0.8077023516652448) 
(19,51,0.9115359889824483) (57,81,0.8684887546543278) (57,94,0.9478085054259465) (35,31,0.8526489573299921) (33,43,0.7857497318857829) (31,50,0.7839318465860511) (65,36,0.7675237163537147) (74,43,0.8881553563458274) (44,49,0.8436044454833909) (49,77,0.776760778389874) (38,83,0.799009436824201) (66,52,0.933498197103136) (59,48,0.7935822373267574) (13,15,0.7975756006575516) (97,79,0.9134064370485675) 
(79,95,0.7974631052649945) (54,74,0.8922714814817235) (1,26,0.8305602518542701) (2,79,0.8498842555533762) (87,10,0.8756505632051307) (91,59,0.8509516951091105) (59,94,0.8295036452165812) (47,50,0.8630842625070544) (60,43,0.9269509160732448) (36,29,0.7540924855031552) (44,87,0.8443204985768666) (58,81,0.9081901734465146) (34,92,0.9120325161827121) (30,4,0.7973120439039434) (24,86,0.9340031962730209) 
(48,31,0.9377786723327641) (40,11,0.9160860006443223) (98,99,0.761450232265363) (58,9,0.8654710196357032) (48,81,0.9054615357014522) (97,99,0.7610062418179168) (0,41,0.8726163916713926) (75,33,0.7646332949797092) (55,90,0.8374187193071222) (51,77,0.7919290234644676) (34,14,0.9275869948684483) (96,33,0.7725916849826096) (50,83,0.917826713129265) (62,64,0.8798131591907847) (43,79,0.8715573323121587) 
(64,35,0.9424268626830083) (39,33,0.8098077309198114) (96,76,0.8299993952703367) (71,68,0.767472142132305) (8,3,0.7565530967866925) (95,14,0.7661931054596268) (71,86,0.8866532219572268) (4,78,0.8992941380425116) (82,3,0.7901836157071758) (47,25,0.9155034734147456) (47,33,0.93324226059172) (67,68,0.8181480872136195) (98,76,0.8532228439227646) (53,42,0.89416046204063) (63,7,0.9490779698163687) 
(97,50,0.7809098702384718) (48,38,0.906693234785283) (46,93,0.8261960419904036) (84,82,0.8101268383320425) (51,91,0.9410423835336261) (68,65,0.8550003710189104) (77,81,0.8164121843858472) (6,93,0.8069726285701118) (39,16,0.9274458964702001) (36,57,0.9006228995791384) (88,35,0.834353343005126) (35,21,0.8581802941938117) (99,48,0.7764689455734741) (21,93,0.9475181942656085) (22,12,0.8629153308393609) 
(66,19,0.8924469943392739) (26,96,0.9467955242882503) (10,39,0.8860017604284482) (13,70,0.87284544455445) (64,53,0.7639182213252389) (16,61,0.7993132785840795) (27,36,0.7899169337684037) (38,10,0.7961726991829015) (18,30,0.8669877057904462) (74,30,0.8514409267025113) (57,3,0.8937539762053393) (37,92,0.9448355471994796) (22,67,0.935130155107566) (77,75,0.923530201522773) (22,1,0.8688346027992226) 
(48,93,0.899860669920894) (80,74,0.896857432325214) (88,63,0.8003598075211121) (96,19,0.8218217444868313) (5,40,0.7806936040184164) (61,9,0.9164232718416496) (33,37,0.9249006575584622) (41,21,0.794821790188995) (35,39,0.7689835193582694) (60,41,0.9025997284469347) (99,9,0.9499324207912754) (52,55,0.8812687686840655) (24,29,0.915531089945575) (93,6,0.9458369763371621) (13,57,0.9015473287628252) 
(24,95,0.8470384256079672) (32,11,0.8981978018495795) (71,95,0.879385646946335) (61,1,0.7878703646044817) (62,15,0.876610211717054) (92,84,0.9089419351835591) (59,38,0.87664331245936) (35,37,0.7894156646155018) (37,53,0.7643607439367395) (99,32,0.8754749734844295) (93,74,0.8137380985821986) (43,28,0.8638560482093207) (21,63,0.918546252304386) (78,33,0.8138166063204715) (89,71,0.8195551499642455) 
(43,21,0.7512066945237347) (57,51,0.9442723248352842) (96,81,0.878306713192389) (49,88,0.8955115049236249) (94,61,0.8010220613798954) (36,50,0.9432560472457565) (23,79,0.8670068395630154) (13,27,0.8706985137342343) (32,35,0.8535256186731831) (93,76,0.8784045463305834) (45,25,0.9349556144305445) (87,23,0.8286809484144309) (5,97,0.921428699048961) (55,11,0.9262759591904821) (10,17,0.7911440699171542) 
(48,25,0.8838795177626414) (30,33,0.7870912103302656) (97,18,0.8761241412476961) (21,63,0.9476054235036053) (37,59,0.7729362226547865) (54,22,0.8798053565230324) (32,75,0.850737060201816) (24,17,0.8122384649377017) (9,39,0.7711109228002202) (81,89,0.8499097136814121) (29,64,0.7817064385363245) (27,99,0.7945291588678857) (22,53,0.9315211002456433) (4,76,0.7725894551490979) (8,72,0.9445925373211044) 
(60,90,0.8277297639673509) (12,85,0.815737335015562) (75,10,0.914497488948502) (80,4,0.8799472797708721) (69,52,0.8252569449220042) (91,38,0.9040656335654674) (14,9,0.9074566577628056) (13,29,0.9204646785806782) (35,56,0.7586100287260151) (5,33,0.8185461036092065) (70,68,0.8892731458664982) (53,34,0.7696164746949772) (81,91,0.9126251550762231) (99,36,0.7808036972374889) (90,13,0.819296376148467) 
(91,90,0.9154759227845237) (24,32,0.8257287346756467) (60,11,0.8363122959298146) (97,20,0.8480096654143144) (80,3,0.9164441253395372) (74,63,0.8410006987948346) (57,1,0.8308746586228477) (41,68,0.9171642402444129) (91,0,0.9297249988802505) (43,74,0.9048751489302664) (71,45,0.897961677917598) (79,75,0.7883598800210596) (22,17,0.7777406229886128) (81,87,0.8131789538206924) (62,4,0.8774068384140249) 
(19,68,0.8222259930933308) (94,93,0.8554087033707889) (14,93,0.8615766397161712) (94,68,0.8483961557048765) (92,50,0.8808746725221388) (54,47,0.8426561782786539) (70,10,0.7939127897780385) (37,21,0.8333094536577005) (91,12,0.8852930828518274) (76,2,0.854593348707431) (86,0,0.7640024825356964) (99,75,0.8921987641879877) (3,74,0.8749063825312704) (0,8,0.9029205610240436) (12,61,0.8452672350323102) 
(53,34,0.8871421410386043) (85,0,0.7988781677117124) (77,14,0.8477288069974396) (24,50,0.7802915116363724) (79,74,0.8566042389405972) (38,0,0.8411036120223745) (98,43,0.8194899802491935) (0,17,0.8163297796829813) (36,3,0.8528500540771675) (8,42,0.8442891425807553) (79,28,0.8865406064474692) (86,39,0.7641127006091633) (84,59,0.8090752985423482) (25,83,0.9169302725780808) (60,94,0.9470556267469762) 
(66,83,0.9419156727377904) (27,60,0.8437516623927429) (48,42,0.8778657581040511) (1,81,0.8254028848077958) (29,27,0.9054857015583239) (37,95,0.7981453955894919) (39,24,0.9340887620177015) (70,32,0.8076429992088301) (33,85,0.7850989193793796) (90,87,0.9472027890102807) (40,96,0.878428839957021) (95,42,0.8862099002785709) (66,63,0.8188726407363531) (95,72,0.764582947186431) (55,29,0.9480882927282894) 
(82,96,0.8682343073900345) (78,91,0.760032367221288) (26,95,0.8411161813683914) (18,8,0.9312834226905664) (10,49,0.778981148642605) (19,86,0.7637874314925155) (75,14,0.8826757874879055) (97,82,0.8484485504609587) (22,29,0.7731223830996913) (64,46,0.8040356947642021) (91,35,0.9465547575159818) (50,27,0.9475584238266584) (21,15,0.8856281318092887) (30,20,0.7602616728777427) (17,87,0.7838146645822978) 
(81,37,0.8486755129923181) (22,16,0.9414130347271809) (28,70,0.7981317210262817) (49,94,0.7806701610841251) (66,17,0.9365536892284447) (63,0,0.7972597070948636) (82,5,0.7861353710003649) (90,50,0.8800023486204854) (91,84,0.757765954808923) (59,16,0.7831980581902156) (59,23,0.8485989989593574) (90,80,0.8635812161543197) (44,58,0.7588842417251008) (8,2,0.7701511869877797) (99,69,0.8171729382328006) 
(70,32,0.7613016471044256) (25,75,0.808242958674077) (4,49,0.7886370465405771) (67,51,0.9092839277472251) (73,92,0.806298495732471) (78,1,0.7580578226012289) (66,5,0.8167522593102698) (57,72,0.833703412818216) (97,22,0.7797327927021328) (5,2,0.8710093351628327) (8,92,0.7813443218137867) (93,84,0.9206510368500925) (9,78,0.8483885496486527) (3,39,0.8738040740176067) (38,6,0.7870218214883942) 
(35,4,0.7770791687390137) (92,23,0.9235853812660592) (17,24,0.8536790271451472) (60,15,0.9359889703592852) (46,97,0.8526739706116566) (64,40,0.9249983422017151) (29,53,0.8031385842502643) (30,56,0.8445046636073311) (54,95,0.9042828298092421) (45,20,0.9289856562026083) (75,11,0.8674772280548823) (41,3,0.8240813291313319) (5,91,0.9087935823086327) (30,59,0.9187993474896523) (82,80,0.7760801681415566) 
(90,16,0.9108409692167585) (37,16,0.9110424049999393) (18,63,0.9006467143878114) (27,42,0.8047228988516526) (97,57,0.9333789967887692) (86,60,0.8918665665591505) (47,3,0.8168691218389765) (92,38,0.9076172529460959) (0,3,0.9291879084905408) (58,95,0.9355109578610323) (40,30,0.8180852401613699) (48,11,0.7901682677579688) (78,48,0.8329766894098483) (34,32,0.8742196193353624) (91,56,0.7680397619766446) 
(20,65,0.9045197383417529) (45,9,0.7676267257137971) (7,8,0.8185799679938734) (43,38,0.8623340123242986) (4,77,0.7647402871387812) (32,6,0.8132564904637164) (57,63,0.8875454803064455) (69,82,0.7853961744177264) (17,19,0.9145011931433064) (62,99,0.8138393333972622) (55,88,0.9439721009387905) (19,64,0.8849809513393959) (65,23,0.9175895582142547) (24,1,0.85011429867361) (17,57,0.8553697953190286) 
(9,4,0.768448801461273) (19,55,0.7891801016043702) (48,39,0.8779460129329902) (63,84,0.9111157755192253) (40,18,0.9351364968500827) (39,12,0.9055423114072587) (76,6,0.846848071589367) (77,67,0.8902964612700797) (19,5,0.7511316289698557) (41,29,0.7845922997573824) (82,26,0.789166450714491) (40,53,0.9483026182964884) (67,36,0.9261716840816578) (13,6,0.9218348444965193) (30,51,0.9383662680497533) 
(88,84,0.88768861641016) (56,39,0.9342818088716728) (77,97,0.8371782425616803) (12,10,0.7948154856173489) (21,56,0.941994304769606) (72,65,0.856147683980931) (83,97,0.9257961537119781) (40,39,0.7516991962531736) (71,44,0.8851107319914105) (9,80,0.8550934102829311) (55,28,0.9220014392543385) (25,49,0.7623476858618465) (92,93,0.8656611764687342) (92,43,0.8361938789015245) (57,27,0.8391217763796939) 
(72,57,0.8947797875090552) (8,64,0.8931493543935467) (69,53,0.7656868127063493) (49,61,0.7889345977697719) (76,84,0.7764593982957769) (26,55,0.8559184722501427) (90,93,0.7982803164772491) (43,3,0.8420180361636875) (16,88,0.872053620301886) (66,81,0.9481808253569719) (1,24,0.8191336144789187) (78,8,0.9304045147066794) (53,3,0.8647226066575724) (93,46,0.8922403194585761) (0,73,0.8760184308718677) 
(31,95,0.8837769822831415) (78,3,0.829193449530641) (52,74,0.7564432655494548) (49,36,0.7943993123106972) (28,37,0.773338311250336) (72,23,0.8637268254762238) (7,63,0.9017477997342833) (11,62,0.79278185626408) (61,25,0.9445619080816288) (89,59,0.8302461318961838) (98,95,0.8553338958198565) (37,83,0.8024771752559923) (78,2,0.8900684322085706) (74,37,0.921575328444475) (95,99,0.7821585737434176) 
(68,35,0.7843500847783539) (54,72,0.9331397862331255) (61,68,0.8067094308269064) (14,41,0.7913045758028019) (4,46,0.7761367588478956) (43,23,0.9353155452945432) (87,53,0.7930611687171472) (7,11,0.9032410517230282) (78,49,0.9063403194883706) (37,79,0.8508864707327258) (23,47,0.9204828679273948) (88,60,0.7916351967009405) (25,79,0.8253224974182061) (84,15,0.7759435403497436) (74,92,0.8272251689292442) 
(67,68,0.8683628202833332) (0,22,0.8927745177388008) (19,50,0.8142656783197023) (12,43,0.9423692812883033) (70,74,0.8121273003491651) (68,40,0.9206591704031251) (86,26,0.7833417201174444) (96,13,0.9353924202333286) (7,92,0.8820535670020727) (36,30,0.8508729174798281) (43,68,0.8492938023447659) (42,87,0.7501638495151305) (98,56,0.7653633839093118) (17,39,0.7972461604546967) (70,11,0.891710061810462) 
(42,44,0.9431315299611986) (38,3,0.7650415113850932) (23,11,0.7741045815682959) (88,53,0.9145726609289779) (58,50,0.8788206421222549) (73,47,0.8825095598945826) (74,4,0.8765016383803104) (32,4,0.8658470129447516) (20,45,0.8498995820722491) (48,12,0.8161228381182933) (8,42,0.9191731029241419) (86,95,0.7947726160937011) (33,0,0.9179968607642304) (98,70,0.8703609118201492) (99,40,0.7965683548005769) 
(87,19,0.797132603964822) (19,1,0.9084348447872083) (47,68,0.8469731080531171) (40,45,0.8580530959808945) (31,3,0.7639458236463273) (78,74,0.8366617782474981) (6,50,0.7726062948450564) (68,90,0.829332709140065) (88,23,0.8407931459961985) (68,44,0.9451789863494431) (35,91,0.8852301399624212) (96,12,0.927181259116866) (30,13,0.7707026920818072) (65,29,0.8555840442117025) (56,48,0.8765784576302295) 
(99,1,0.7506669650899733) (25,38,0.8770492103050727) (92,99,0.8054663848222049) (83,94,0.8168452724206556) (18,34,0.8558440026816394) (19,31,0.8927960558589251) (61,78,0.8187721834824562) (9,44,0.798789104992986) (21,22,0.8924101836503604) (28,64,0.8068364662093268) (12,16,0.8802368171841377) (61,19,0.8804587836264889) (99,48,0.8115452316480456) (36,7,0.7879054074555893) (3,88,0.9335334570881059) 
(11,30,0.8201434086002053) (84,32,0.8827659674287964) (1,47,0.8500309997334358) (96,26,0.9013249016955661) (98,24,0.8465141429307281) (26,28,0.8051555995502916) (61,45,0.8150569504983549) (6,50,0.9127132071930601) (14,48,0.8472352927606724) (11,85,0.8690738069197292) (97,63,0.8065166429906467) (92,80,0.9431759096347634) (15,56,0.914716841495165) (5,58,0.8688582172005094) (98,16,0.9471844152627337) 
(10,63,0.8235315632039137) (41,49,0.9124153291292811) (97,27,0.8275950519242053) (17,64,0.7822275084918723) (29,20,0.7751869143285942) (40,96,0.7817777586806225) (48,27,0.792732978494965) (58,87,0.8963449460652663) (64,96,0.7839491342279534) (72,32,0.8484074394845724) (73,53,0.9181878144874165) (1,93,0.769570258613813) (88,56,0.779106512922292) (98,59,0.8757809737373538) (72,64,0.8109397479879458) 
(48,95,0.864853678456321) (84,93,0.8594275403140116) (93,68,0.9076594790255621) (64,45,0.896846340776964) (27,76,0.887706808625014) (71,33,0.83373234665211) (93,52,0.830493952260955) (55,95,0.8291995775539225) (42,85,0.7532029641942953) (57,15,0.8498656202643862) (72,31,0.7972607502910394) (24,28,0.9060777558857456) (30,0,0.860013217384589) (23,34,0.8152336437895441) (32,26,0.7521755762358617) 
(20,51,0.9113849788442038) (70,6,0.8243296558075949) (77,90,0.7583013633800754) (79,90,0.9424910692322309) (30,9,0.9120727969760164) (91,6,0.8635093198711732) (45,65,0.8941900704330824) (76,68,0.9497220648093809) (48,39,0.8672901212580628) (5,55,0.8949948681327639) (27,88,0.7682359114103561) (41,48,0.9199651119183215) (23,97,0.892633014632126) (44,75,0.8595482202212452) (85,31,0.8749229768459273) 
(17,29,0.7632876570315367) (24,82,0.8807592896494807) (51,54,0.8084029979209593) (4,84,0.7922386437529904) (40,49,0.801029827675124) (18,31,0.8564666734413643) (11,85,0.8968046737086166) (33,66,0.9395967804305474) (57,39,0.9224883272548503) (87,54,0.9086451080930322) (99,19,0.9448536577272861) (51,23,0.7505486023870146) (53,81,0.7878657053800459) (5,97,0.8642740086693772) (48,98,0.8284214971166471) 
(59,31,0.9198742527630845) (34,66,0.9364125111409835) (94,34,0.9075542184319284) (63,76,0.7981085782654035) (26,28,0.9262453843291799) (48,35,0.9086686334316013) (57,86,0.8318585234492165) (52,59,0.8271950170975328) (74,8,0.9468738941992233) (38,25,0.8120246076528362) (66,91,0.9059979207426025) (59,98,0.8970952012188469) (61,56,0.8248198382236764) (3,14,0.8632891094761236) (3,33,0.815464242182289) 
(65,68,0.7790697685957403) (6,83,0.7966093780690444) (35,65,0.9286033677779435) (28,4,0.7619893040285317) (93,10,0.8898447532864693) (82,61,0.9072952488668382) (10,89,0.935293724276363) (14,86,0.8875896969438376) (44,29,0.8999581128318129) (4,0,0.8837197667693991) (46,64,0.9063762929509178) (92,43,0.7766458964513079) (46,31,0.8834674787555189) (21,17,0.8068769613550277) (87,75,0.8758834834387288) 
(41,4,0.7529908757940906) (51,90,0.9156969725373679) (10,1,0.75046202961072) (46,16,0.9212437243888828) (62,8,0.8187917074439133) (20,92,0.9075432617250747) (40,69,0.9229153508638097) (34,80,0.7603518037174967) (45,74,0.9341055371841149) (98,20,0.9472023001494303) (54,55,0.8115339891905234) (44,2,0.9402074349294374) (36,29,0.8654531308747735) (42,28,0.9399998826667354) (24,70,0.8136750734881869) 
(59,80,0.7524564453115884) (72,86,0.8329917918604784) (59,8,0.9494513855853328) (30,13,0.811150023657276) (40,82,0.8223155661085985) (17,92,0.8221774371017123) (69,64,0.8959108097665871) (61,53,0.8455588834483564) (11,59,0.7970872050791761) (12,34,0.846636490516663) (15,63,0.7619264847067706) (12,57,0.947297395835103) (0,12,0.8483608507176793) (66,50,0.7940860396238114) (42,4,0.8741824368129021) 
(17,26,0.8989124044663339) (4,59,0.7895683704938711) (40,25,0.8247377893383329) (30,41,0.9058750659426554) (23,81,0.8200598418650632) (55,8,0.8292728745855571) (81,13,0.9295911190086925) (53,81,0.8382784175662872) (72,95,0.8852129719559939) (28,52,0.8517613458077584) (55,38,0.9428096332299694) (62,85,0.8623365742791209) (58,13,0.8947492585042448) (21,47,0.9460843065137116) (3,83,0.9386884120508474) 
(67,71,0.9114488399288696) (65,15,0.8595316190149312) (7,45,0.8904630769406512) (50,36,0.9494789111514089) (81,64,0.8527673347397108) (28,74,0.8046283603030554) (78,0,0.8755065805371975) (22,81,0.7998633482144027) (74,69,0.8072550616227218) (80,1,0.7898261674918315) (66,24,0.7711658041749291) (39,34,0.7810518296799791) (69,83,0.8291524839524487) (67,83,0.9456889327873229) (37,60,0.8121762554319559) 
(82,86,0.8728506433900686) (58,65,0.916897728818236) (10,35,0.8800897473498075) (34,88,0.8050090648583619) (59,49,0.8128706990430433) (93,8,0.8732492921847785) (66,62,0.8631048288369181) (46,82,0.9402691353942161) (8,66,0.9027868094476947) (83,81,0.9456398587179403) (98,99,0.8868322791926281) (21,36,0.7738866007872021) (20,89,0.8355997671438733) (79,34,0.8057409361604335) (83,65,0.7969604711719801) 
(45,30,0.9152817547611451) (19,24,0.8156704883077303) (54,77,0.8020501952769638) (41,77,0.7657423658422532) (36,52,0.8785098866371265) (37,1,0.768333808123192) (0,99,0.8047761638667311) (11,75,0.8796907593068389) (5,52,0.9048265115932564) (1,79,0.7517910780959233) (46,62,0.8555537154348285) (24,85,0.9269261153115687) (82,70,0.825178265392905) (81,64,0.7528516843987272) (13,20,0.8685687373760557) 
(53,20,0.8952023331419436) (99,12,0.9119049175536659) (31,71,0.919499874652238) (88,56,0.8071050424168046) (17,30,0.8309922070576156) (41,16,0.9012444092489037) (23,99,0.8675611605593472) (65,58,0.8063286133708532) (65,35,0.8235348654747727) (76,81,0.808390075527684) (96,84,0.8876018214922397) (7,54,0.8704848399868769) (15,98,0.8020728238935315) (98,54,0.8276572934716433) (56,28,0.9005288897196603) 
(17,26,0.8960544355187704) (5,3,0.7814537142454486) (23,87,0.8240720123031893) (82,39,0.8938987346721673) (38,94,0.7620251903130926) (61,70,0.8567791505367969) (79,93,0.8147524271310181) (65,53,0.8576740398108028) (16,12,0.7749924008028009) (73,65,0.9072720063621995) (77,13,0.9013161397143497) (83,20,0.8735633412037004) (92,27,0.9025370591577714) (89,23,0.8978156229825236) (51,38,0.8220095034452445) 
(42,5,0.8380892621164533) (44,83,0.7864903886943762) (68,13,0.9305056953971675) (58,51,0.7766280114997923) (52,22,0.7799824572493631) (49,33,0.7529059883845125) (65,37,0.8894358001730231) (18,88,0.7845364992333782) (77,96,0.9048466112952398) (32,66,0.865863655135932) (64,45,0.8212900409124322) (24,56,0.7836680340236917) (88,27,0.774067252277001) (55,44,0.7778712524902964) (82,73,0.8995880124959452) 
(76,95,0.8983079295202665) (48,45,0.8240167764449728) (87,84,0.8487128891156838) (30,94,0.8543347256251289) (23,11,0.90434036069933) (92,9,0.9398587400649766) (30,51,0.9496336039220029) (16,37,0.803292911226784) (98,60,0.7668246973201365) (10,37,0.8934695470995613) (96,49,0.8555199646412068) (36,15,0.7862309754143318) (38,94,0.8415000318574832) (22,91,0.8068670351080025) (11,60,0.8080333839983942) 
(92,74,0.9112976575083707) (80,31,0.7830695502087393) (67,1,0.8375039598641265) (87,99,0.8320579143987835) (31,47,0.8690756706391982) (62,33,0.9175594787791741) (63,40,0.8378251950057759) (53,96,0.8986182621632681) (89,22,0.8335045543091438) (93,19,0.8330829949867098) (27,60,0.9468637820560515) (77,97,0.7693859907914032) (16,76,0.7575281994083062) (20,23,0.8204894255503736) (79,16,0.843866880072231) 
(15,59,0.9284853446417275) (82,59,0.7955729587065309) (49,28,0.8724611291417159) (66,76,0.7717573437944439) (58,68,0.8447690819910985) (99,78,0.8817411922457381) (75,94,0.9091594060342034) (81,61,0.9314302170773404) (63,7,0.868835051757066) (72,34,0.9207029664228881) (9,32,0.9203467295054337) (98,20,0.8989304035731613) (42,27,0.9485432917715068) (55,11,0.7913183776539939) (32,24,0.7548005076557525) 
(82,21,0.9139129958952226) (67,71,0.8692749859245292) (81,73,0.7692483768910864) (2,57,0.774519575288488) (94,48,0.8982171922865323) (14,33,0.8273726423318042) (92,63,0.8246936335112186) (12,7,0.9154912811634399) (47,11,0.8997764014078581) (76,91,0.9385475046756206) (95,58,0.7604648128203536) (58,7,0.8289019466151208) (88,39,0.8846364157445563) (22,45,0.7590570392147915) (13,10,0.8722986699866453) 
(80,64,0.8288052070697955) (9,54,0.9072164438430288) (46,97,0.8502698130609683) (13,48,0.8395852465159181) (29,44,0.751899134343563) (41,37,0.9376209449218141) (97,5,0.8649372432951055) (15,44,0.8340474607669545) (8,98,0.9198742852805919) (35,94,0.8670495825289785) (69,15,0.9123057624978506) (20,0,0.7629739685843976) (42,97,0.9433825953964334) (19,90,0.8861416430125322) (13,68,0.9435621343204691) 
(21,15,0.7749420831814404) (8,57,0.869530501106853) (84,71,0.801834985664816) (2,36,0.7805963199784717) (43,93,0.8157683725843184) (69,24,0.772246130004546) (23,49,0.86557602105452) (64,77,0.7983622676629339) (87,20,0.7623365652367396) (47,59,0.7585347515215833) (44,94,0.942798666230882) (0,4,0.9350071766506471) (80,36,0.8653052857481924) (17,5,0.9485283028152094) (24,55,0.8389170127578656) 
(38,54,0.9223904579200778) (86,43,0.863061408120449) (8,60,0.9043637755391685) (8,92,0.7845262408542686) (91,71,0.8191855871418867) (66,93,0.8263990919038513) (17,1,0.7998770125586421) (65,38,0.8819468134158961) (3,8,0.8883332890521074) (85,50,0.9346330932259254) (28,8,0.8816675414566257) (53,62,0.9140233833209348) (47,79,0.945934830506823) (40,85,0.91093141602582) (11,19,0.9015732414727075) 
(54,9,0.9438152771748476) (68,40,0.8558441071240709) (96,70,0.8319127687077407) (19,38,0.9047588487188164) (26,83,0.9278107024621676) (14,63,0.9357048835294007) (31,72,0.911183101869335) (41,15,0.779446642721767) (60,83,0.8486070009380465) (5,23,0.8893926534105399) (46,77,0.9372590811824939) (4,96,0.8434878493799258) (76,40,0.8446157601673009) (20,31,0.9419600035444555) (51,68,0.8177161637471004) 
(27,44,0.767962392908148) (24,21,0.7843086372725591) (97,83,0.8626077404954733) (71,52,0.807482701867394) (73,3,0.9479259904224042) (66,91,0.891005404960644) (46,59,0.7833566571182025) (40,68,0.818707125060191) (62,65,0.9111203544671391) (68,56,0.8550468730586466) (14,40,0.8949098724324998) (18,23,0.8279200242834039) (78,96,0.8171510823308388) (54,81,0.9105128980097309) (71,35,0.9118964908688458) 
(54,31,0.801024952673915) (31,45,0.850258199074917) (13,48,0.811480148105821) (17,46,0.892005703892735) (33,14,0.7546402495767555) (37,67,0.823872158812777) (54,25,0.8476271467605057) (8,55,0.8012634110187364) (18,91,0.8769782320185996) (70,37,0.8007041630748312) (10,43,0.7697073068332065) (88,59,0.8520896603851902) (58,17,0.7960618418922668) (91,95,0.8879429316669184) (24,96,0.8894435797999087) 
(59,42,0.7547296030130684) (6,34,0.8083464349842225) (81,79,0.9009356259540084) (76,34,0.7814355579758652) (25,88,0.8117546683178375) (60,76,0.8301352621462096) (97,24,0.8444676034973296) (3,90,0.94351565261768) (52,11,0.8178191344846085) (24,37,0.9297250172948757) (87,1,0.8135271315777605) (53,54,0.7777240049018606) (82,28,0.7788695882884824) (99,28,0.8190378162030321) (16,75,0.9240118463052098) 
(52,5,0.7599156629152045) (65,35,0.869108207203853) (41,85,0.9170017498379723) (31,16,0.7613605306555703) (48,89,0.8069250445487335) (32,51,0.8560618634259844) (13,42,0.9135644697381565) (34,77,0.9463995366576242) (49,55,0.7562234589912334) (99,11,0.7521319338212694) (91,69,0.8680487660835909) (27,5,0.8006172061177256) (67,62,0.8966249375752129) (65,6,0.8071638374010778) (69,99,0.8498207050892066) 
(2,35,0.8120781016968565) (75,24,0.8452867421411051) (44,85,0.8974547454037038) (72,43,0.841727557800811) (18,62,0.8154596019763287) (5,64,0.8696495823750402) (64,25,0.9106057575564785) (47,38,0.8780962127258646) (88,37,0.9228493051783215) (68,73,0.896119986527152) (94,84,0.8014657054209305) (78,92,0.7807931814304521) (79,13,0.8346242793234514) (78,59,0.7960402793913008) (4,69,0.7578084537916402) 
(57,68,0.8319388784245967) (56,29,0.8036891765534512) (34,82,0.9248733240243077) (48,89,0.9352481570173976) (61,64,0.8362825309139001) (10,76,0.8468954427016238) (61,78,0.7599298609629782) (76,97,0.837404747235797) (69,28,0.8493885315136884) (49,13,0.8537514922049073) (73,60,0.9142417762676857) (88,13,0.8207336622720698) (68,74,0.8316041385445709) (79,35,0.9046928616765509) (19,38,0.7656151183904376) 
(71,90,0.9052990012914708) (49,77,0.8071636544452254) (28,4,0.8710788225837472) (85,5,0.9432491753823273) (39,36,0.800166331377896) (95,16,0.8236937516283369) (78,2,0.8262695275920089) (71,32,0.830243120277149) (43,2,0.7895804844454374) (72,40,0.9128404121441676) (99,32,0.7997408017160224) (59,3,0.882165994018192) (18,8,0.8110055938686469) (36,43,0.8184063850451146) (83,4,0.8409002014374795) 
(63,77,0.9030651887204812) (76,92,0.819924746281285) (13,31,0.8201792667420469) (64,58,0.9146126708006249) (97,89,0.8734525845976457) (48,96,0.7767918799280458) (0,17,0.8520894306538401) (78,51,0.910956717837115) (63,36,0.769461646922343) (28,51,0.8145828879637657) (27,88,0.7774830752188708) (60,35,0.7977813238487454) (4,11,0.8813671638308165) (54,80,0.7571968803960484) (13,23,0.825158909272282) 
(8,64,0.8895560510913136) (0,31,0.8045609092391495) (66,65,0.9227563302574945) (0,46,0.7729938770142255) (2,44,0.8855100164186283) (39,55,0.8655831364523147) (30,35,0.9459930742521415) (82,89,0.8048415129731217) (77,49,0.8056141431941858) (85,18,0.9167880910867665) (9,87,0.9268029315769376) (36,97,0.787420223588011) (11,38,0.810175693427339) (41,14,0.7669103853967353) (61,43,0.769751438627445) 
(19,81,0.8668535626758949) (36,99,0.7649400611155782) (15,5,0.9246060094732615) (96,23,0.8117354195196037) (22,14,0.8462341278845704) (43,38,0.7979917498664306) (72,1,0.80058823086141) (7,3,0.9435854080797145) (70,19,0.8659433985260745) (48,76,0.7955220233344392) (41,22,0.8026117790093671) (68,57,0.8972365974796019) (70,21,0.8092042228417582) (74,21,0.8981230038561256) (10,54,0.9357165105319618) 
(62,96,0.8298392183659798) (11,3,0.8668966462648966) (34,76,0.8701484013894715) (90,31,0.8523700963874301) (69,70,0.819982296119628) (67,98,0.8477401850823914) (22,30,0.8322503396612542) (20,96,0.8724562951520844) (27,15,0.8192355935470652) (30,34,0.8706428069153034) (4,45,0.9177394303215982) (16,14,0.8081080993259108) (7,81,0.876743990477515) (64,39,0.8463096678184295) (86,5,0.7547002730541029) 
(49,72,0.8774111427831678) (39,92,0.9365763850053745) (69,9,0.8844796894194684) (24,77,0.8390432695584925) (6,15,0.8757871098414799) (20,97,0.9132527981671212) (89,13,0.7682985635506036) (3,36,0.8963592272698665) (96,88,0.9042059234306208) (78,58,0.8686568471664485) (41,66,0.7600509633687567) (55,90,0.8801038856152507) (26,39,0.9432238589792905) (20,54,0.9215250196675833) (25,39,0.8768993003074821) 
(86,38,0.7933885677169281) (6,68,0.7597256916743271) (68,36,0.7562494981327837) (13,65,0.7588170897818989) (55,82,0.8438657757161129) (75,3,0.8287936799813029) (86,24,0.7756792375790889) (38,55,0.7877733493699761) (73,45,0.9421415117080236) (85,48,0.7501962959792365) (66,75,0.8649581552428374) (0,30,0.7844198370549523) (56,20,0.8682274374763406) (27,40,0.9217559341285136) (20,55,0.8642795811265545) 
(24,41,0.8831139434405428) (78,26,0.813207733894244) (1,45,0.9221620819000625) (52,61,0.7559420382018188) (31,96,0.8722912129792331) (83,2,0.7948287404760833) (5,31,0.9362356608882666) (1,99,0.7878165883336823) (72,34,0.7840062435773288) (83,6,0.860152717539279) (21,6,0.7706748496601935) (74,3,0.864479461843611) (73,58,0.7841325207100801) (86,31,0.855077745339382) (80,13,0.7516198524198812) 
(11,73,0.7691422713949612) (18,77,0.7677625781543885) (58,50,0.9332725070220831) (39,11,0.8996881197874542) (30,15,0.7853140241280482) (8,87,0.8943798733173769) (12,75,0.7956881449353195) (59,47,0.9258801230615328) (0,15,0.8387502796215718) (97,16,0.8669389092969246) (12,34,0.8064974958314168) (34,20,0.8025936402825093) (23,11,0.9322637315571528) (7,63,0.8347996748171206) (94,26,0.7909084954162902) 
(56,31,0.7808741575861099) (63,9,0.9407711195838201) (57,33,0.8858017635999021) (39,16,0.9316857783056329) (37,75,0.827181213697693) (10,32,0.7704507351293692) (98,67,0.819686063018785) (45,16,0.8446828376536973) (77,15,0.8565053680234768) (33,49,0.8239072880026803) (97,25,0.881140824063688) (59,68,0.8081422950813012) (24,18,0.881474933764836) (60,76,0.8928627905273094) (80,59,0.9355811962123954) 
(26,0,0.9227448730011684) (25,22,0.9473929624940147) (35,1,0.8592155318274003) (72,2,0.7970591729578054) (77,51,0.8577811238061335) (26,71,0.8264164524443295) (85,11,0.8275706112080705) (34,10,0.8513215126782709) (99,64,0.7859435429183739) (24,95,0.8857645796758616) (3,32,0.92404470561019) (21,3,0.7864452999287489) (9,51,0.8605632575826694) (33,79,0.9197541604973969) (24,78,0.8283045685167836) 
(44,87,0.7954018034839687) (48,76,0.8753671418399648) (86,11,0.8659793256000827) (27,67,0.8215488213258206) (25,40,0.8199539247135749) (98,67,0.8987342078962391) (91,67,0.7829598444476799) (49,38,0.8086302610357322) (54,33,0.7503309103060175) (50,43,0.8784886435709642) (40,81,0.8830982314300057) (56,47,0.7534974881509678) (12,1,0.857278716677414) (9,75,0.9090038151392928) (30,55,0.9221138897746822) 
(51,41,0.814257402777601) (94,9,0.8825617169788655) (22,92,0.8359845709745791) (77,5,0.7594684579819584) (4,82,0.8694550273476217) (44,11,0.9187953031654321) (53,3,0.8461263228626307) (37,89,0.924263599325877) (27,50,0.9426525173078847) (73,88,0.9192882006892896) (13,44,0.9030493116910712) (61,92,0.9321883089651192) (40,13,0.8993896978081366) (33,82,0.9150318474324084) (92,88,0.8438241119271402) 
(32,57,0.7644906466478087) (47,85,0.9218388544888012) (25,86,0.9266520731218997) (94,58,0.9465500517135224) (59,62,0.8571000207393392) (29,20,0.8575774317106221) (73,92,0.7991066792587023) (22,61,0.8654245926593926) (32,64,0.8557605045861555) (85,14,0.8871804701027853) (49,51,0.896199427177133) (46,34,0.9461757309199967) (82,68,0.9168881656282177) (7,96,0.9266703677739314) (51,68,0.8822514780442337) 
(96,69,0.8886092339537779) (27,95,0.8534477892260321) (99,75,0.8160478634342523) (84,15,0.7562840416007993) (1,52,0.9254819099605147) (44,30,0.8164910509670571) (94,70,0.8577365531168644) (49,53,0.7848098829357901) (66,68,0.7723151380997637) (90,25,0.8938367403450587) (17,69,0.9453636238307908) (76,57,0.9359567013395618) (9,10,0.8361017255809133) (93,48,0.9372377402599087) (93,14,0.7793340081870456) 
(53,3,0.941113423760565) (67,20,0.8820707733488937) (61,30,0.9109874462423526) (9,54,0.8428405720024456) (64,89,0.8655836715851086) (63,4,0.9260922254957554) (78,74,0.7807485299367045) (16,21,0.8635826765858415) (75,2,0.7731813512416849) (76,53,0.8953886780943809) (52,42,0.7930830245008156) (44,62,0.8946953196882703) (43,19,0.7893931116846777) (89,11,0.9019046555793733) (36,75,0.7539973786039949) 
(77,15,0.7724460097928093) (94,41,0.8244960734921364) (43,56,0.9461906102526254) (44,21,0.8531710886995549) (71,7,0.777688200809763) (34,92,0.8361239446367394) (84,75,0.8432859727225688) (34,15,0.8728737604732274) (2,83,0.9255490431747767) (51,59,0.8317572293304168) (30,62,0.8070656638450642) (63,85,0.90567401426825) (82,34,0.8376862502716466) (80,77,0.837984685261964) (58,27,0.8985797128893013) 
(34,51,0.8771218572256683) (12,67,0.7815370620092564) (58,11,0.8314465329706728) (52,23,0.8390428746276044) (65,79,0.8765061232201818) (72,19,0.9147511842195875) (89,21,0.940629846811258) (47,54,0.9143840648006634) (99,61,0.8546508328442818) (83,76,0.7700522995107235) (7,17,0.8640206039159527) (96,15,0.848838178200621) (43,71,0.9456067274461276) (97,64,0.9120208145447396) (3,2,0.8783765456470722) 
(84,34,0.9404232438128952) (94,73,0.9459543289564345) (54,14,0.9175736410181261) (50,94,0.8606263422390911) (25,7,0.8203725497523007) (13,6,0.8044060278949599) (3,67,0.8148929438540036) (87,88,0.8680862447338956) (83,38,0.8974156036949085) (55,54,0.9024807826210236) (2,22,0.8473649098753178) (89,97,0.9135022845169198) (12,70,0.8314390707625526) (64,13,0.8250904510764752) (12,20,0.833001259028904) 
(12,85,0.7811692131995813) (63,41,0.787720026315577) (28,78,0.7647097770551837) (43,6,0.8349428792328696) (42,67,0.8964174477960252) (1,35,0.8721960733048877) (39,88,0.9054815865108093) (10,1,0.8380373746841255) (12,29,0.9392145333971509) (92,22,0.8866056667321013) (3,88,0.761081474176716) (15,66,0.8253173643699809) (2,30,0.925219343136839) (0,34,0.8848625460743406) (43,47,0.7694731841406613) 
(59,81,0.8426831199648955) (96,67,0.7982856260852005) (13,85,0.8987590178725265) (17,52,0.9143084952289955) (4,32,0.7635723390299715) (28,94,0.9039175885128596) (15,44,0.8201200513664904) (33,77,0.7711033607534289) (52,13,0.8818662224194518) (20,9,0.8908447182364121) (17,44,0.8296953750295823) (56,73,0.7806244503852359) (40,20,0.7586132947532241) (60,54,0.810745634072514) (86,54,0.8224239370474176) 