(81,90,0.9474667134460638) (56,79,0.7723070022350442) (75,2,0.9065099041164727) (24,13,0.7720510672673706) (8,14,0.8708100881378503) (66,41,0.7664043878609613) (37,67,0.839662238493536) (57,74,0.8923276800057214) (11,53,0.8753187823857179) (43,91,0.781444315415541) 
(70,40,0.8230458083869329) (69,34,0.918364035813159) (61,31,0.8344515337711039) (88,32,0.7844077906862675) (0,26,0.7991596975802238) (32,59,0.9381740029558147) (97,36,0.7643065518001936) (47,39,0.8293754556414143) (55,27,0.7733845705902311) (82,9,0.9020636375754213) 
(30,4,0.9147253827121462) (95,98,0.9060911082212195) (39,90,0.7542325041159907) (45,55,0.7775637967650461) (34,31,0.9209708484718999) (8,89,0.8534211656704885) (6,53,0.9000127829456591) (6,47,0.8434869754504886) (58,76,0.9288821027364729) (11,19,0.8046195299463607) 
(93,5,0.7895965149386363) (38,57,0.8795093282834393) (53,23,0.9430626997557328) (4,39,0.8398290444525873) (89,37,0.8583532076624134) (4,91,0.8592734875898218) (39,49,0.77310629230047) (92,29,0.9357570909140106) (82,75,0.8502690059394516) (40,4,0.8878886725415662) 
(82,6,0.759043927614566) (76,47,0.8622580542921083) (91,61,0.7904342744176895) (64,31,0.8927131873934365) (4,67,0.9094932049824318) (13,80,0.8017486029608033) (9,47,0.8858971512446885) (27,77,0.926718792318349) (53,67,0.8718099483007828) (39,22,0.8848045336195451) 
(44,73,0.8676669224505549) (23,28,0.8034058635715378) (83,24,0.8100047084722679) (88,91,0.7587852541813219) (99,55,0.8009518268577359) (30,29,0.7600132485719128) (38,37,0.9069532372435187) (73,59,0.7944755956040193) (6,29,0.8580898576780404) (76,83,0.8926444576127628) 
(92,40,0.8044724435619186) (37,78,0.8777009559938429) (82,72,0.854732316478838) (63,46,0.8147820851805587) (49,51,0.9054908585727998) (16,53,0.8227008326611394) (26,20,0.7728538971858404) (39,85,0.7871627717031086) (91,9,0.8654901619276284) (42,39,0.8901001927408889) 
(8,55,0.8303757552908115) (5,93,0.8970905760701892) (53,42,0.9029686019521421) (57,18,0.7902135778984779) (54,80,0.839701876230004) (14,12,0.8665619841431773) (82,39,0.8981609326325366) (33,1,0.7509005287304704) (37,55,0.8176291996415921) (80,24,0.8888440239964603) 
(10,7,0.9282686909195325) (93,62,0.7706562247884129) (6,28,0.7822992460034334) (83,10,0.8549058166570612) (59,21,0.7563347282664833) (24,37,0.7939491232967841) (99,73,0.894531887300819) (89,6,0.8162933109818566) (62,77,0.7835993462109789) (74,57,0.8594689973519304) 
(43,93,0.9335635931181814) (16,13,0.757147128650627) (22,2,0.837033492529962) (5,1,0.7565573787671351) (16,18,0.819236590371916) (90,76,0.8599962776988843) (52,5,0.836396167874075) (25,19,0.8664352498545075) (36,52,0.8973046217082914) (19,15,0.9018179457455743) 
(40,20,0.8617575722622624) (52,82,0.82100609664048) (65,85,0.9032534967570944) (30,78,0.7976087288558988) (68,35,0.934681889096439) (38,73,0.9401415227250216) (82,58,0.8402426304300754) (81,19,0.8220291393457584) (3,97,0.7974084191479506) (87,2,0.8296619141559376) 
(65,26,0.8922691993683369) (4,48,0.878079786999368) (47,34,0.9483167949271167) (83,20,0.9235654444039773) (92,53,0.9084048668931066) (10,68,0.7551737481912878) (9,50,0.811008278835193) (97,19,0.8678860205237476) (25,88,0.908501916377837) (15,83,0.8328514438698318) 
(20,37,0.7960893432857983) (87,74,0.8340149486377887) (91,12,0.8567373253335168) (48,69,0.763896378228857) (39,9,0.9376301554520506) (72,91,0.8895984072048101) (55,40,0.92507308591222) (75,98,0.7568303133728241) (58,6,0.8667762942468721) (97,24,0.7565370057400406) 
(54,7,0.870579585999436) (65,55,0.9267815923357889) (26,69,0.7544870384606516) (15,66,0.9051933392418333) (53,51,0.870853068049541) (68,18,0.8888637486922969) (36,28,0.8780692389632874) (14,87,0.8236053582207621) (90,7,0.7537254161440157) (48,86,0.7588643969740682) 
(33,66,0.9177408982207238) (82,28,0.8754057059263151) (55,71,0.8325064845159988) (16,56,0.8528229231882404) (64,73,0.7989856001253435) (95,79,0.9195534866352241) (37,95,0.8046266376031199) (58,32,0.9296115035948495) (11,85,0.8409762333701187) (25,98,0.9014398291260033) 
(49,26,0.7904011430276593) (41,35,0.7827046536825779) (13,89,0.7824230551060151) (19,59,0.8286699524173053) (98,57,0.9218470849524617) (4,50,0.9216279367602989) (39,95,0.8524057687889941) (32,1,0.8247453788223305) (28,12,0.8701271276959772) (99,6,0.9200280223271986) 
(33,19,0.8027779198808384) (15,79,0.7606273190009917) (67,79,0.9390187853410408) (17,4,0.945631621734122) (73,30,0.7869000927086014) (28,4,0.8590225562214842) (86,49,0.8032828986062996) (11,31,0.7746682732786607) (73,44,0.839372946229907) (75,82,0.750984921793952) 
(65,42,0.9398877109484625) (54,5,0.896598636688474) (45,35,0.8458990553159732) (13,2,0.8688298314930045) (33,2,0.9037813400434919) (73,65,0.8555351072330593) (83,5,0.8898855852792574) (21,77,0.890554969529087) (60,30,0.9154860363962799) (15,75,0.8108509616347899) 
(39,96,0.8707492966985015) (20,16,0.8255052982712279) (95,59,0.8340583404161327) (47,19,0.8751309611772411) (54,48,0.8627575382571036) (66,11,0.8443736268472203) (70,80,0.8168645621275256) (71,77,0.9254977774415389) (14,65,0.8492888728216565) (80,48,0.827181398872827) 
(62,94,0.9359908519311712) (77,39,0.7609758673221851) (53,69,0.7676390809344182) (25,3,0.9282393335361446) (86,52,0.833008398365098) (31,20,0.9373432708032412) (6,93,0.8647703178823768) (78,5,0.865077157225934) (11,80,0.7728468552969354) (66,22,0.8626079574860103) 
(44,0,0.8856879946781557) (79,59,0.8890666135982153) (49,19,0.8516156228220016) (42,43,0.9003817726209943) (96,6,0.8125161705599039) (53,17,0.926744831232495) (98,4,0.8144530321022874) (27,51,0.8133000395609615) (90,44,0.7946265970244932) (88,53,0.7824081659449033) 
(92,81,0.9395056773280761) (22,39,0.7793203260658998) (0,24,0.8426125159941782) (2,79,0.8120040219435397) (89,11,0.8431975679475275) (81,31,0.8832024253082068) (55,51,0.8301568961759512) (43,48,0.8259781175604555) (39,35,0.8731434608511048) (0,84,0.786471653830683) 
(90,17,0.7538236663922849) (85,23,0.790536627848533) (96,46,0.8039926722981804) (97,63,0.8329543490382633) (9,33,0.8366345118688426) (9,66,0.9326848684469308) (8,9,0.8044303623875375) (51,54,0.7669538115222434) (64,92,0.880198446197116) (59,19,0.8531169173751401) 
(13,85,0.8810986525080974) (14,38,0.8263463387940885) (24,37,0.7912519047271085) (22,9,0.7969556867284324) (50,61,0.8527924345094823) (67,15,0.877014398413077) (63,68,0.8037689581268674) (73,96,0.9242322062495523) (56,79,0.9132332443603204) (29,50,0.8102157958639875) 
(18,1,0.8613388167940287) (62,37,0.9464439651541365) (26,10,0.9233287272444038) (67,19,0.7952517284932505) (45,2,0.8778327342148224) (25,54,0.8705922725993416) (12,38,0.8095472565711189) (81,93,0.822583476078881) (21,23,0.8482642151353856) (91,80,0.7916828561648428) 
(39,52,0.8587712461542532) (38,58,0.8227043431046643) (11,40,0.912425368826493) (89,34,0.8119370116702) (79,41,0.8847800200230665) (49,22,0.9090622559061817) (5,63,0.8566456222622) (80,64,0.7500262149342599) (5,54,0.8352503674468482) (73,19,0.7826165374285657) 
(85,11,0.8191334021851236) (88,8,0.8745921591037144) (10,74,0.7813644902134268) (74,17,0.9052837351165252) (14,82,0.9368779160476554) (84,58,0.9226002826520722) (38,17,0.8424782358218897) (26,98,0.9033695350234845) (46,91,0.7721428918291717) (10,97,0.8882723181820525) 
(92,81,0.8521749047095843) (15,89,0.8021018356499232) (35,88,0.8569507335293378) (20,32,0.9450344793188705) (70,99,0.9433942645781245) (66,69,0.8315616135432083) (61,76,0.8739004772339688) (88,84,0.8875209585807975) (6,23,0.7578222483830479) (68,10,0.8369950879720359) 
(76,35,0.7871282322154047) (29,79,0.7984297581725972) (91,50,0.8808280392456435) (74,97,0.8646074155084975) (19,26,0.7935870025040488) (28,97,0.8590078175128286) (21,92,0.8324571378818975) (82,13,0.7984680766560069) (56,78,0.7831099950613721) (22,40,0.7784483586166511) 
(12,79,0.8354608824508423) (60,98,0.7884603767387189) (7,15,0.9498476784906615) (90,73,0.7587232492311733) (10,25,0.8532127429558901) (51,42,0.8078008133424427) (5,56,0.8690997722708815) (92,35,0.7587220756928704) (34,59,0.9023147480558851) (97,36,0.8885474515482621) 
(94,50,0.8236085720743284) (77,61,0.8427225204891012) (55,78,0.8080476663096736) (66,61,0.7859591851679542) (72,92,0.826977719051914) (67,14,0.8107685390782526) (16,61,0.8002615583457782) (49,2,0.9008782439343292) (16,26,0.7983712514058109) (47,19,0.7576610079210837) 
(1,97,0.8337068823621989) (64,76,0.8714438007840051) (62,69,0.8036641299837939) (41,66,0.8333666491975954) (0,5,0.7634710670566149) (70,50,0.863076369584664) (20,64,0.8181078128493241) (97,60,0.897665381100342) (45,63,0.7964756789811938) (58,90,0.837757661390068) 
(8,90,0.8929794392385102) (93,79,0.8489435391424349) (5,80,0.921452276074788) (6,91,0.8639905226317475) (12,82,0.7614347836834333) (35,21,0.9078868213171165) (82,21,0.8010237070065478) (96,62,0.8657637741420189) (69,88,0.8796689427176003) (59,29,0.7636104049952748) 
(95,0,0.7940456088204928) (3,97,0.8780371145463759) (6,60,0.8913339615931721) (99,33,0.8812771093522531) (54,32,0.9371190158185014) (20,86,0.7582200133389718) (93,89,0.8031382979037441) (10,46,0.8597216617017974) (9,76,0.9215044507911857) (71,41,0.8229599630100808) 
(1,80,0.7652726421341466) (46,82,0.7972114578442275) (8,95,0.7868501640477624) (75,84,0.8989548717007085) (68,23,0.7754050245967058) (27,68,0.7630404697886082) (21,74,0.8073936878000492) (7,83,0.9438578383802199) (80,34,0.8723045270349572) (41,71,0.9239478089457389) 
(55,14,0.8826131863302524) (84,51,0.7537742105445027) (30,9,0.7882635514465905) (82,75,0.8694881346173006) (69,91,0.862405052370196) (12,95,0.8727983531681893) (29,25,0.7979200406409188) (80,18,0.7519988705124194) (28,60,0.8725401658006395) (46,61,0.7698739704795826) 
(9,93,0.8371582040173262) (22,25,0.8609652019525722) (60,47,0.8734827412820143) (74,69,0.914407444624215) (39,12,0.8952835488159316) (91,5,0.9244113854888548) (97,60,0.848350240354306) (83,6,0.9191348127335653) (64,36,0.7786692881313451) (9,4,0.8236315263123998) 
(15,42,0.810431696578692) (37,89,0.7996647854675774) (25,37,0.8588002090019489) (47,94,0.884423474140307) (76,25,0.9481373506497042) (53,24,0.7572393147852305) (27,57,0.7603945731846905) (25,9,0.9295489609318603) (20,40,0.9174373295674337) (42,35,0.8335793283256692) 
(67,0,0.9259180622314784) (32,1,0.8797897858371964) (75,33,0.8795363872867299) (70,29,0.8665583145448705) (6,80,0.7783882805350766) (56,60,0.7669313748726303) (15,9,0.7676184807318902) (32,36,0.7628465199229004) (66,18,0.8932080038553268) (28,75,0.7817316198657718) 
(39,44,0.784073877538535) (48,46,0.7983941742148297) (16,67,0.8396924574134523) (19,99,0.8187287817928289) (41,42,0.8557259103019532) (98,33,0.9117380475556407) (1,62,0.871113557734003) (48,97,0.7758283102094742) (78,33,0.8416851586063512) (96,77,0.7565170260506816) 
(71,7,0.9323977025900231) (57,0,0.8590151596260396) (12,1,0.9432710982316309) (20,11,0.8426874357719688) (1,0,0.9479248220940573) (76,65,0.8639392511138356) (83,96,0.8816722413183733) (93,33,0.9224535410827552) (46,9,0.7766576093552647) (21,67,0.8048050266131436) 
(21,95,0.7896226216797032) (69,17,0.9313725380375312) (28,3,0.8241200182594833) (85,12,0.9158504950319084) (48,94,0.7647312274105268) (50,95,0.8555643559684704) (2,84,0.9055605212942295) (43,3,0.7811107488469059) (5,56,0.765325498181005) (89,64,0.9287912643716535) 
(82,90,0.8151914533683986) (95,50,0.9001729058517618) (34,66,0.8022666449354218) (98,58,0.9182772951195503) (96,97,0.8641237673957552) (42,93,0.7709381164880545) (87,44,0.7951322027487728) (40,80,0.7578625804783895) (62,37,0.8820257153899054) (33,52,0.9017535512831125) 
(30,62,0.9329712559269979) (16,30,0.8449150013406043) (89,83,0.8422892685565785) (82,63,0.8555616454416337) (27,19,0.9434112825621219) (9,86,0.7603455481686962) (96,2,0.9115278229173738) (83,34,0.907945940218128) (36,79,0.9479390598967503) (79,77,0.9465972363089653) 
(99,27,0.8306807949431874) (86,85,0.7905946154285409) (65,79,0.7800228828678477) (21,75,0.9329998303872707) (13,48,0.7659858141386888) (61,26,0.8808770354086514) (38,66,0.863081274217609) (4,43,0.8195276348734213) (58,85,0.8487313065613159) (64,74,0.8268400130122227) 
(77,27,0.7679803182830242) (63,44,0.869802050882992) (95,17,0.8662382352993689) (41,79,0.940083988114123) (81,10,0.8770252999084032) (66,60,0.879559654116673) (32,68,0.8023136029063295) (22,60,0.7871173519492589) (93,86,0.84406419762301) (90,54,0.9202629232673787) 
(21,59,0.831914169932696) (82,93,0.8037814193257876) (60,19,0.9327358734400284) (70,31,0.8609110204709352) (26,51,0.8457005736993594) (91,1,0.9271195130056156) (75,52,0.7824739052714821) (14,7,0.8540225990126162) (57,41,0.7593953112752665) (47,30,0.8067915355667037) 
(61,25,0.8609569390746673) (22,81,0.8913438428829221) (93,15,0.9493608729347573) (71,30,0.9200166755275232) (18,55,0.771675697240537) (28,10,0.8476701477217625) (34,19,0.9438773492375045) (49,46,0.7806880007473284) (30,41,0.8837534488845629) (68,57,0.8222480601350166) 
(47,78,0.7612066245168615) (55,49,0.7619342816055499) (90,32,0.791849189508556) (75,30,0.9386075616520064) (7,71,0.8808659376143827) (75,72,0.8704018660331132) (17,46,0.7916222777045065) (9,87,0.8917477371218636) (78,43,0.8423537040564024) (85,52,0.8334189505528593) 
(35,81,0.8838330695614511) (62,67,0.7529412683616103) (30,26,0.821999619739929) (14,76,0.7813929663287174) (90,14,0.8853728444918065) (23,81,0.8406384903834152) (39,37,0.8002473128783857) (71,66,0.9480922397823741) (72,78,0.9368053079340958) (83,7,0.8855345457733689) 
(14,23,0.8583851981542308) (30,2,0.7981204598607626) (89,5,0.8955493203028679) (7,60,0.8121436149880993) (32,61,0.8640568615880413) (61,57,0.8317085673946788) (64,12,0.8443932392057664) (43,60,0.8752140278838186) (89,58,0.9369065175491201) (97,5,0.7530646496464918) 
(45,32,0.8455761887149831) (16,7,0.8440087536044286) (31,64,0.8552810117613497) (3,58,0.7822541293184645) (52,93,0.870355664033404) (37,93,0.9213469623812338) (76,98,0.8692745567859552) (48,36,0.9398888085870367) (12,48,0.7727249850481749) (32,35,0.840373860644776) 
(60,51,0.777319044253129) (44,66,0.8894352975875832) (41,54,0.9064580437562231) (10,28,0.9213057322452961) (16,82,0.8628267763908639) (71,66,0.7878282234717887) (1,61,0.9209258810469616) (82,85,0.8318922031539756) (32,0,0.8436448796256628) (60,76,0.9047201311617725) 
(24,29,0.8646125745083447) (94,52,0.9442164382542269) (54,5,0.8751730382938607) (48,11,0.9440756661663732) (2,52,0.8958450587465346) (48,17,0.9486626583233216) (61,19,0.8260911431448277) (14,16,0.9130625683004014) (19,33,0.8245619407351887) (38,33,0.8472414181839086) 
(47,14,0.7744069031532512) (96,23,0.9263673609849099) (14,93,0.7852334658600847) (87,53,0.8963020799840243) (27,97,0.8358214986195908) (5,27,0.84985420737546) (92,79,0.8215992872841874) (4,66,0.7570778433012034) (46,93,0.7593894951035033) (66,40,0.8804205262728705) 
(1,82,0.7702642700908231) (61,5,0.9136776637534787) (4,22,0.8180003589356082) (45,36,0.8780223793391103) (76,24,0.8140230929591188) (33,69,0.8212284963463097) (56,61,0.8303625751358258) (72,11,0.8286040452806818) (51,94,0.9113651862757013) (74,7,0.8433961543085612) 
(79,71,0.8599271671192784) (18,65,0.76491855442585) (2,77,0.863307994979028) (74,22,0.8919215821878573) (69,14,0.8512514380984422) (90,46,0.904266168628654) (11,95,0.7880093894375693) (47,22,0.8058152207225636) (58,45,0.9396295880718958) (7,65,0.8785507324378856) 
(23,30,0.7565663895854551) (62,59,0.8666165739937126) (12,74,0.7507744378270838) (43,87,0.9011008706389901) (61,3,0.8106889378308312) (8,54,0.9266112937910006) (82,29,0.8926072672836578) (26,35,0.8652427323545115) (54,1,0.7718242794950334) (70,67,0.9082126757524465) 
(87,81,0.8990401725390162) (20,21,0.8510518919900742) (66,83,0.7702348910450835) (67,24,0.9124071464457612) (4,16,0.9174415632297754) (67,5,0.8439888088290866) (44,65,0.7709575631983472) (77,93,0.7657007118513286) (55,57,0.8236095433595199) (4,72,0.8090413556231205) 
(10,24,0.8006777159667664) (20,24,0.8196885362246218) (10,66,0.937942378974902) (5,11,0.8031755108055878) (56,21,0.8206260482730888) (75,90,0.8919280731791724) (39,6,0.7688125874775111) (82,54,0.793140307098863) (31,6,0.7502919414790796) (24,35,0.8574478356079956) 
(88,3,0.9215607474801624) (83,68,0.8005368702364383) (65,59,0.9477613253272699) (42,40,0.7576134743000354) (72,83,0.882340641114242) (5,88,0.8796770482126185) (32,63,0.7900448146397452) (62,78,0.9014001743509712) (79,19,0.8457245009422917) (26,35,0.8289201358974101) 
(39,10,0.7768773040888066) (93,28,0.87249984545083) (33,12,0.7632354989955941) (46,2,0.8900887260176082) (66,54,0.930409171631279) (4,17,0.751062208319661) (7,83,0.8905687705371985) (15,51,0.8601310499275532) (53,74,0.8858594888281456) (70,85,0.8280725532870721) 
(68,56,0.877122865128652) (83,12,0.9246971882509466) (42,10,0.8839902451713025) (51,52,0.8107052465210057) (9,26,0.8866520593020165) (11,52,0.913631804201916) (45,32,0.7537118610750254) (38,18,0.8433489473010645) (71,36,0.7977720357099447) (0,90,0.7817024522282994) 
(98,80,0.8555411296997709) (41,5,0.8948518847107971) (46,90,0.810642951713007) (10,70,0.8217623224196614) (32,37,0.8872163959859884) (44,51,0.9159716152990427) (34,35,0.9014554388602363) (24,78,0.7653966757592489) (81,55,0.8833754062036385) (77,88,0.912007276854523) 
(65,17,0.7510822961553328) (45,73,0.7615956628026326) (7,11,0.9280191608291269) (95,52,0.9420699736977662) (74,27,0.8651027171559158) (2,51,0.9145432501146102) (14,93,0.9010672978562501) (82,68,0.9493262357900055) (52,49,0.9479142876220652) (35,28,0.8352838217343592) 
(40,80,0.876731684827628) (2,92,0.8622448989646386) (49,63,0.9284678987163772) (9,96,0.8467972501479666) (44,47,0.8737721363933557) (96,32,0.9155226571870317) (3,36,0.9064590572194958) (60,10,0.8176159973244876) (9,62,0.7874831712200414) (20,51,0.9424729142206998) 
(76,32,0.9207951677251411) (59,84,0.7907262059341197) (24,28,0.8133300268503116) (80,17,0.8897465066967276) (56,20,0.9278387626339184) (47,45,0.8979065640321457) (15,84,0.8878600756284815) (82,44,0.7702853579887138) (24,79,0.9309609025112078) (2,28,0.8995353622736002) 
(71,51,0.7500345587150384) (15,95,0.9422845100367248) (0,68,0.8572908953024667) (8,17,0.8435434873267249) (71,22,0.828241977215837) (50,30,0.9419270832941831) (54,7,0.9354963371894) (72,37,0.9462848633631564) (52,67,0.8055415774749839) (68,52,0.8533698253797757) 
(48,40,0.885519502279723) (66,55,0.8634974214895014) (39,28,0.8770406559719524) (16,20,0.8100172360360156) (55,29,0.9368588379592516) (66,50,0.8618156761171152) (50,26,0.8984191657008678) (33,34,0.8036570537164571) (98,64,0.8562567732785478) (84,39,0.8681231604575659) 
(90,82,0.7875134421514547) (58,1,0.9289095599501501) (90,36,0.8452560509169214) (22,96,0.8785971878201501) (96,79,0.8784707632385633) (37,25,0.8288163450405895) (77,58,0.8212349353052448) (67,6,0.9114718828449305) (71,70,0.7639978894864337) (5,83,0.8333035282100226) 
(88,71,0.8609881939669736) (82,68,0.8953237212925371) (88,82,0.8222103395664987) (48,33,0.93743232609859) (1,60,0.8892189369475372) (69,81,0.7612065668710017) (28,23,0.8283870181672041) (47,74,0.8570785203859507) (10,31,0.9447164731967246) (82,9,0.916708613215793) 
(98,40,0.7714041723939687) (81,59,0.8243899799964658) (10,99,0.8579164016264652) (55,51,0.8513747596869099) (90,85,0.8056316970672761) (16,21,0.8287681275614043) (98,0,0.8100151605787593) (49,12,0.7866327094891631) (46,70,0.7924214292515932) (62,46,0.7643672946504075) 
(9,67,0.8822654973863371) (21,26,0.7501179616788545) (76,64,0.8268232947669953) (97,30,0.8185317475196663) (52,63,0.7885299587558859) (54,76,0.88708723515767) (32,74,0.7638927576163707) (37,94,0.8172042248735736) (84,47,0.8165372230241802) (49,50,0.8084050401211955) 
(40,42,0.8239762624053818) (64,47,0.7786131848777793) (67,46,0.8882783547872782) (74,23,0.9298549923608445) (70,87,0.7971442644760827) (84,90,0.8970602548745145) (87,91,0.9107020432738099) (3,30,0.9463885850761347) (22,72,0.8270641278147527) (31,55,0.7665647318429676) 
(11,9,0.9440173905335836) (36,81,0.7759980906076316) (63,19,0.7998040031334065) (63,4,0.7812911961278894) (53,64,0.7545119636700512) (88,94,0.7745787415215991) (34,38,0.7591499300745134) (59,83,0.9019543095551495) (42,71,0.9402302551656068) (74,50,0.920622514410613) 
(90,29,0.8289257742329013) (30,7,0.8555477390438192) (18,90,0.879690938060177) (51,48,0.8665916473433118) (61,84,0.8278653739524379) (69,28,0.9246831658442933) (82,51,0.8350121991521173) (81,59,0.7549373033434083) (74,86,0.8650543763290913) (72,97,0.7657000307241666) 
(21,44,0.8456016662417363) (35,95,0.8844136153159214) (85,45,0.8850344410517587) (63,94,0.7811728341087603) (65,91,0.8607382166465298) (67,3,0.925685325032191) (5,76,0.9016879223406548) (7,27,0.9191415761513626) (50,48,0.9161267987363967) (23,76,0.7506780785486002) 
(9,40,0.7966594248217463) (44,94,0.9460187022226926) (59,79,0.8866953763358776) (7,55,0.9023297058104254) (62,97,0.8214432146656494) (72,25,0.8592274073929712) (81,20,0.8494577439872931) (67,74,0.7639825626654819) (0,37,0.8672602171078824) (37,8,0.924827685411738) 
(15,95,0.7876535606568834) (0,36,0.8285649135542614) (42,56,0.9265467003337673) (47,44,0.9015856429156407) (7,20,0.7709117406087702) (66,50,0.7564437893717822) (36,75,0.9328994735099312) (12,59,0.8362062191944) (53,28,0.8471050079567564) (37,59,0.9250704319442827) 
(19,36,0.8097797297468299) (12,3,0.8132505936835446) (32,57,0.8478432755408791) (96,16,0.9492760440451765) (23,11,0.7585847798367525) (97,33,0.9124067622742505) (84,20,0.7946635543716065) (46,97,0.9386736960857793) (97,12,0.9369738383351897) (25,14,0.8827002490394682) 
(4,26,0.9166015264805021) (66,2,0.7997237324531502) (42,43,0.8822804298168251) (12,58,0.77164041625741) (25,6,0.9470966097081941) (72,49,0.9124621647680177) (93,98,0.8590258316318912) (21,0,0.8410348692737208) (27,7,0.9353058539475481) (74,47,0.9342897429196367) 
(45,76,0.9470178520620394) (51,50,0.8444518444525441) (69,78,0.8428724317628582) (3,88,0.8513705082749184) (61,54,0.8411342092243601) (90,66,0.7538154234577564) (41,54,0.8262421209025416) (71,81,0.8985959146580358) (60,17,0.757504696284127) (28,59,0.8303090502967263) 
(9,92,0.8864842526462475) (39,55,0.7561253800740592) (83,10,0.9160515139607565) (1,98,0.8346081744120509) (89,3,0.7602067377448358) (9,12,0.7931000667774197) (48,31,0.7520347758924834) (81,50,0.8206443211160956) (34,24,0.9466462892603267) (21,57,0.9362888180004141) 
(81,64,0.7776327780687996) (5,71,0.8231462035321776) (75,60,0.9356067133198681) (15,95,0.8985755200822078) (71,59,0.8359536327771189) (39,59,0.946433358251455) (41,24,0.846938747482268) (21,62,0.8398308451362708) (42,13,0.920044527951772) (31,42,0.8185047667472621) 
(72,9,0.8497101547721229) (57,23,0.8096443878411334) (61,66,0.7974223410493784) (87,2,0.8075720585041953) (12,35,0.9069833043081481) (68,99,0.9408357229749846) (38,51,0.8884938286313623) (79,26,0.9149802707560282) (91,86,0.8349236239607892) (76,72,0.7616183994630026) 
(98,86,0.9411325687232199) (95,49,0.790446305261627) (77,98,0.7535616064515563) (88,28,0.7720753510892274) (19,46,0.8801044434696799) (26,45,0.8878325089623693) (83,70,0.8318200329552938) (36,75,0.8193593422525842) (74,15,0.8458960101081415) (3,66,0.7673475965308839) 
(47,80,0.8628908212447137) (17,61,0.924272690469356) (33,68,0.7931357621913443) (79,43,0.7813468273815691) (17,15,0.8994927900310288) (43,53,0.9127043074352303) (25,57,0.8978201030183204) (78,99,0.8550794392282873) (38,97,0.9261641716365756) (10,16,0.9403803434510393) 
(48,24,0.7773124597282923) (50,57,0.9182796130431139) (76,21,0.8000436845680412) (76,7,0.915553668741403) (74,71,0.8407486801580233) (95,91,0.9243785610517224) (98,19,0.9263572318708363) (63,2,0.8414786065518695) (74,93,0.8251079256105112) (22,2,0.9299052071181908) 
(55,30,0.8923196625522358) (24,1,0.7603810751061472) (33,80,0.9286270585895646) (52,86,0.9171878107011254) (72,16,0.9417041565581076) (78,12,0.7806126798407208) (8,40,0.7806561746824026) (49,2,0.8414865461495545) (65,69,0.7953592315225199) (69,49,0.9251660151958621) 
(9,19,0.8480975387852764) (16,72,0.7505608675584113) (99,82,0.8241343839657739) (6,61,0.7963466747342209) (37,5,0.8950266682931556) (54,20,0.8483986692160987) (45,38,0.9042848768397383) (53,26,0.8352337005967436) (25,9,0.8317757134449113) (10,24,0.8266171655906733) 
(83,19,0.8979930934201821) (40,3,0.9494923890088443) (55,7,0.7596121344484736) (54,47,0.9436922926241388) (33,84,0.8092999810019) (1,78,0.8732372177703356) (89,18,0.7956993506017156) (22,7,0.863271266950857) (74,86,0.8559264635049002) (54,15,0.8304377332047976) 
(42,7,0.7781637617278192) (65,11,0.8481020920707711) (59,28,0.9482212066641436) (95,84,0.8020215709194789) (62,27,0.9144280087744084) (56,18,0.9224435275355155) (4,27,0.8453629522390232) (56,97,0.7710401155417006) (79,38,0.8101216079218346) (91,52,0.9130029713193802) 
(20,26,0.8305331484777778) (79,74,0.8936760781952893) (92,53,0.8573042924987473) (50,69,0.8458001210070807) (69,47,0.7991337505984107) (27,51,0.8224050848455046) (37,65,0.8440157927846378) (87,77,0.910706659667707) (82,6,0.9286262702527476) (95,8,0.948953555298216) 
(76,51,0.8006108521219315) (74,51,0.8897951370354608) (27,69,0.9280324992818407) (62,28,0.9171469123526) (30,10,0.8641439587004578) (28,47,0.8125242257106348) (46,91,0.8642139597994933) (98,72,0.8953739782849279) (82,30,0.7794488716256919) (29,57,0.9012046292713597) 
(39,87,0.8375114730746269) (13,78,0.8681947539171476) (71,18,0.7579017969870541) (21,50,0.7763116527138494) (54,7,0.9182321872862295) (34,96,0.793250498156629) (63,67,0.8165733452759366) (90,71,0.9451110118472299) (61,92,0.7705999757758669) (7,68,0.8322309657727993) 
(42,17,0.9484369593984061) (36,83,0.8945927156676377) (22,11,0.7659059105423803) (41,99,0.7766217375309111) (69,9,0.7822502245652999) (18,86,0.8664562711710156) (47,85,0.8621521287877795) (15,19,0.7733225519450253) (66,11,0.9476634181809358) (87,97,0.8085301644284717) 
(99,80,0.9269674080390151) (63,39,0.9374475360654553) (9,20,0.7513616683830365) (80,95,0.8698627469951915) (27,95,0.8546893222612121) (28,13,0.7924225042609426) (60,22,0.9273997750926107) (12,48,0.7572696135068272) (33,22,0.7525773849140014) (14,38,0.8134102333049757) 
(39,93,0.9170220853363663) (81,60,0.9321866141362414) (94,82,0.8017679865325242) (8,96,0.8394120772524083) (85,48,0.944034764515195) (20,62,0.9343875199190451) (13,6,0.8509171258578114) (36,66,0.9063133451387989) (14,99,0.7886314061459877) (10,78,0.8720876479591583) 
(69,55,0.8178607267866339) (77,42,0.8202893586313094) (27,47,0.7668611155502594) (34,26,0.8110965803971213) (88,44,0.9350417540404581) (64,0,0.7655752983321233) (82,44,0.7709007506559744) (82,86,0.8076796222915424) (68,63,0.9170526235653316) (12,16,0.8701554593378494) 
(75,46,0.8843298761800349) (27,12,0.8513631822597438) (5,87,0.7768498777430572) (31,93,0.7541371612178273) (57,15,0.839683045246041) (69,52,0.8351563084111914) (48,16,0.9332071008502519) (51,11,0.7709120482022475) (92,9,0.8370741027718872) (33,15,0.8319433093647075) 