(33,14,0.8767574383596448) (52,35,0.7521456457023902) (51,58,0.9175910940948288) (54,46,0.9259367858035457) (19,24,0.7693605092992264) (12,17,0.8352033591702591) (20,10,0.8511765676074968) (12,13,0.8241859542236925) (27,30,0.7513839505797301) (21,2,0.9335745084641195) (57,59,0.8308637299805811) (11,17,0.9197509342059769) (2,10,0.8499259814667366) (35,23,0.9021297321575907) (54,12,0.8974218221199712) 
(45,55,0.8540673103703128) (38,37,0.7535696576189372) (33,13,0.8474486799514774) (14,15,0.7947761841755661) (43,3,0.903924048263175) (6,56,0.8287970079489393) (27,21,0.879102811911637) (7,2,0.9390123715526917) (19,26,0.7969317038558348) (0,23,0.8301729939943259) (2,10,0.9107940971859069) (19,5,0.7622367138659378) (57,39,0.797203196269963) (53,7,0.7544297701771354) (11,34,0.8193534167098298) 
(12,51,0.932227649487777) (20,29,0.8071557689046285) (44,24,0.889622490227201) (45,54,0.8782016914939469) (49,7,0.917492511620978) (47,30,0.866302234544354) (47,27,0.863736983154968) (53,29,0.8324662386945303) (33,42,0.8244125635657356) (14,48,0.8054415430153803) (40,15,0.7713344066346379) (26,45,0.8072903246290849) (36,26,0.846064249425367) (12,9,0.8019009532007811) (54,39,0.7783314437304951) 
(54,59,0.8675138561080031) (13,14,0.8682367707682009) (54,19,0.8915978094220641) (46,29,0.7510059946826886) (59,20,0.8604805203863769) (1,35,0.8849615342261034) (9,7,0.8997883573367007) (45,21,0.9067117310444126) (41,55,0.7610465960217178) (18,39,0.7976310794609534) (52,28,0.8499961720497395) (24,25,0.8983642350854101) (50,29,0.7600372778192336) (19,45,0.8186197899724406) (25,23,0.7936881321627207) 
(3,35,0.8785540955438129) (19,12,0.9474859359558898) (24,26,0.7536507290078486) (15,29,0.89501655971501) (52,47,0.8769369850359271) (58,16,0.7834287463512126) (27,4,0.9174504357440518) (43,1,0.8192205322499733) (8,31,0.899805962279991) (38,13,0.8689591869828661) (0,23,0.7960029248368784) (59,57,0.8343584988306738) (1,35,0.9340871351683635) (20,37,0.8695659052272259) (49,16,0.8212114233902663) 
(36,29,0.8843912456760662) (4,38,0.9196061586488968) (50,35,0.9190935679857172) (11,38,0.8244320400792164) (15,34,0.7603418275447164) (39,1,0.7809739676592793) (16,33,0.8572586050676518) (0,28,0.8550617837054982) (24,22,0.8422098660923832) (59,1,0.7535619947677765) (41,58,0.8379316900997077) (52,23,0.8961624964161524) (7,10,0.9244117312072664) (40,39,0.8177816475262817) (3,40,0.8908057202934061) 
(38,32,0.8375487200958627) (36,14,0.7997269021202889) (25,46,0.7883969502524799) (1,13,0.8830540857061244) (56,40,0.7928200454106688) (52,6,0.8266019111682564) (44,58,0.7919697636972096) (52,56,0.8554727555687645) (18,12,0.7754372890943555) (25,17,0.8987151020254842) (20,3,0.7621708827379144) (16,26,0.7892735737771667) (59,5,0.9276588345791821) (57,53,0.7638392007670981) (32,44,0.8676901873238649) 
(4,10,0.8550617342103329) (32,37,0.875610920238814) (24,42,0.9285664180454745) (55,1,0.8385372720939587) (49,22,0.8736118030147297) (9,33,0.8102217102485124) (29,39,0.8789111533364184) (15,5,0.7813434557062974) (22,18,0.8253863840270287) (9,1,0.8716275729418503) (43,7,0.8151936196325953) (18,26,0.8712017147731099) (55,23,0.796784473458232) (34,33,0.7666514344928802) (35,18,0.9314508224543295) 
(36,9,0.9026509426289016) (42,6,0.7539874740606091) (29,28,0.8376568248069218) (48,25,0.8903071742586548) (49,45,0.8940003854200195) (52,29,0.8179206464866557) (8,20,0.7993540133014381) (8,36,0.8063592298119877) (47,21,0.7972592564980374) (29,1,0.775632481838407) (22,57,0.8256416125057353) (28,45,0.832318883219896) (59,4,0.9407144369942371) (56,48,0.928840644538315) (32,40,0.9289232527318292) 
(32,22,0.805249588716317) (23,25,0.8654425438187361) (24,36,0.7822130019004458) (32,49,0.826140375530199) (24,31,0.7758541829384432) (45,54,0.80950751133979) (48,30,0.9077769665427459) (30,17,0.8654878108620406) (18,34,0.9091616692278816) (2,37,0.8726197394804693) (46,39,0.9256731837872284) (30,21,0.9305796636237651) (20,23,0.905457887008438) (41,39,0.8024662008823613) (51,3,0.781921722615365) 
(3,25,0.8871016809865537) (40,43,0.7634612485821911) (27,31,0.7739030657558544) (13,50,0.8197788830284122) (2,53,0.9013176733342174) (44,49,0.9081647772178918) (24,36,0.9136322241990402) (20,10,0.8551522901592135) (12,4,0.8737099283221126) (16,15,0.9359206935092717) (47,31,0.9036041870416376) (47,4,0.8205266214854052) (34,20,0.8022226531895237) (32,49,0.8988655207109473) (13,57,0.9404073855891775) 
(56,30,0.8573184841335264) (40,52,0.8751788581987587) (43,41,0.9270591194513211) (58,18,0.8338435544191954) (23,9,0.7685946759470691) (17,8,0.8659790239584213) (28,55,0.8278760347119786) (3,50,0.8991591581465718) (44,14,0.8201569806163727) (14,43,0.8618631366070875) (6,20,0.7520112295540808) (13,39,0.8778355895559022) (11,59,0.7739063941422378) (37,29,0.9100911966869217) (15,43,0.9055843478363031) 
(18,38,0.8989396452880755) (50,31,0.8159985402296881) (12,49,0.8663222687117527) (50,17,0.7609424106609404) (28,21,0.9495708253143398) (36,59,0.8974614442768112) (39,50,0.8488523285904801) (49,14,0.8350617167047545) (28,54,0.8795843187646266) (57,12,0.8148874527197414) (54,4,0.8440543028517772) (49,13,0.8605659768108576) (21,19,0.9280782324219247) (8,37,0.9116195125187141) (24,18,0.8457811466524144) 
(4,0,0.7688189804477431) (36,54,0.9491013951866998) (24,41,0.7600852461979868) (1,7,0.8459442064726899) (31,23,0.8855532427137052) (19,39,0.7826555242020109) (33,57,0.7799542612834915) (6,23,0.9373588163321835) (24,51,0.9367742969569273) (23,1,0.7673609746883693) (42,6,0.8693879041352865) (16,32,0.879606156610974) (56,44,0.7508668876377866) (34,30,0.7681136744046243) (32,0,0.7602758897278508) 
(44,25,0.7740453044052695) (22,38,0.9148207547929526) (59,14,0.817411921170055) (25,59,0.7648652856683815) (40,41,0.7579985428459612) (21,38,0.8820742077164424) (40,22,0.9230199981770109) (4,3,0.8193614887521514) (17,42,0.8483098277549249) (41,29,0.7768387043190648) (27,23,0.9120028102518338) (50,14,0.7773198895500911) (47,1,0.9428380226734172) (18,26,0.7734713566382942) (34,53,0.8805067256127552) 
(43,50,0.8250915630499437) (17,4,0.9017962173023719) (57,49,0.8146117536275934) (16,38,0.8870483573536259) (44,22,0.8321307175036852) (19,33,0.9306100859061327) (38,2,0.9074555642603921) (44,36,0.8539781380657898) (48,2,0.9341310292595654) (46,58,0.8954309567193627) (40,51,0.8337731459604352) (2,39,0.9073450670989541) (6,46,0.8892918954303841) (15,5,0.9471795599739808) (44,54,0.7679900912669574) 
(27,13,0.9339589994637313) (47,26,0.9172216366467101) (18,43,0.8757115408950091) (20,10,0.9035739302684479) (15,29,0.9441167899324723) (21,6,0.9275771059539211) (34,38,0.758358048477261) (10,57,0.8891032485814445) (28,6,0.9461264441516894) (58,43,0.7641440212088693) (2,1,0.9161311289250633) (19,17,0.810382875733777) (53,7,0.7743897695350151) (15,47,0.7686420596328614) (39,54,0.8614872432561297) 
(18,57,0.7891057033909251) (19,6,0.7560360272630267) (9,14,0.876214723914297) (28,9,0.8911925434578034) (47,27,0.7513851215823517) (17,59,0.9291452814378268) (3,48,0.791640036513326) (56,7,0.7954623934049149) (30,17,0.8535073588497577) (55,53,0.8781787229353156) (49,57,0.7551766126084389) (57,17,0.7979496866107472) (23,7,0.8384697221607991) (55,31,0.9463082260801491) (59,45,0.9400696238976862) 
(37,35,0.8456020863621669) (47,1,0.798818855587861) (20,41,0.8133728769582418) (45,39,0.8012253375265731) (3,0,0.9129436538250604) (7,12,0.7542813976242492) (46,7,0.8915073888167058) (4,1,0.9245908567098379) (32,39,0.8171808164370629) (18,35,0.7677871520897752) (42,37,0.8762212197053378) (46,34,0.925322640907747) (31,47,0.7613474875286458) (0,31,0.756108194121234) (50,16,0.8599233934546051) 
(29,8,0.9387017044400648) (36,52,0.9303104362957966) (51,52,0.8920415953562062) (51,15,0.7951351278413863) (8,33,0.8830823311476959) (37,17,0.8429152409810112) (5,26,0.8006877489881459) (23,9,0.7581041643153151) (7,50,0.8583371980088479) (38,7,0.9101052744274152) (21,14,0.9435456508188049) (23,8,0.9148657584575226) (17,54,0.9377939511280873) (7,10,0.8239710835858562) (51,42,0.8774355545806771) 
(44,11,0.7504777448588994) (0,53,0.8236160637795615) (31,45,0.7991934599301538) (24,32,0.7986282740928468) (12,36,0.8514187760935519) (10,43,0.9394807290166991) (27,5,0.9354271584149453) (26,34,0.7721779860616533) (59,20,0.8099392999498585) (1,48,0.8913763057058031) (53,3,0.7516984293191338) (2,53,0.8763982838217126) (4,49,0.9313820605102103) (0,55,0.9182197108631026) (2,18,0.9307884236121251) 
(10,38,0.8043568458738561) (19,30,0.7894986517188647) (6,17,0.8275712768159635) (47,48,0.9204249299580995) (30,33,0.8395477683032131) (12,1,0.9304147316804189) (32,36,0.9334034805830815) (54,36,0.9472842203514751) (44,19,0.9460945543021746) (6,50,0.8318618726899863) (47,18,0.8464121751936879) (4,9,0.9118335988524541) (17,53,0.7813482392227049) (10,18,0.8221723271100985) (18,48,0.8100874676010847) 
(1,44,0.7510002827880885) (48,32,0.8608191932055291) (21,52,0.8740602110643633) (46,40,0.7758156281570907) (0,35,0.8218316800785561) (6,55,0.9108489360082316) (44,22,0.750786683214881) (7,22,0.7838717307110282) (1,36,0.8757112690255667) (33,6,0.8191899489290744) (36,10,0.8765259092737889) (40,38,0.9480933290727187) (46,56,0.9356541179342464) (56,12,0.770349570730119) (42,40,0.8340015989318453) 
(11,20,0.9221815954781412) (3,17,0.7852014254837383) (40,41,0.770235307296932) (6,3,0.8350097999893901) (41,43,0.7951621440893828) (26,18,0.9457907303205336) (32,6,0.7682552560636944) (11,48,0.9062647413291949) (17,20,0.891219355098562) (37,35,0.854997292259843) (18,21,0.7934753140754601) (28,50,0.7759928159937209) (47,52,0.8532841783845186) (56,26,0.8246923171581124) (20,47,0.8358985817064192) 
(59,18,0.9061748757095167) (21,39,0.9213233185704988) (39,32,0.9088955647203878) (45,8,0.8875450643910747) (32,56,0.775459306845993) (39,22,0.8675766306819707) (47,36,0.7702917541891903) (10,36,0.9306640609772494) (25,17,0.9242276287381064) (55,37,0.8996175194967473) (31,57,0.8711947037324178) (12,23,0.8063351389115663) (16,13,0.8223220555105245) (0,38,0.8372333712021676) (38,53,0.9353640344381077) 
(39,56,0.7820764367681765) (25,43,0.8540065486886402) (41,34,0.8457998516476144) (20,40,0.7728186007558343) (58,25,0.7911202202853004) (6,25,0.8058479982778667) (41,9,0.7689702601694887) (26,25,0.9023979964478471) (17,48,0.8915678214518084) (24,57,0.8214217023778407) (52,20,0.8818626396442029) (59,26,0.9234868670144947) (4,3,0.7785477330718781) (32,29,0.7886744123587272) (32,43,0.9014837644225201) 
(52,3,0.8419658355838961) (22,27,0.8584120037814886) (29,13,0.7900222239476776) (6,18,0.8451753834566004) (50,48,0.7850810785254173) (58,27,0.8143311124521048) (4,30,0.8054342578477351) (24,59,0.9109557710311841) (59,21,0.8699151991883612) (6,39,0.9237089477057487) (16,7,0.9277319912227444) (37,21,0.8788868224604596) (2,49,0.7731043402250378) (47,6,0.8031906925740697) (16,42,0.8211458322595713) 
(27,34,0.943068854784157) (28,34,0.8109737511548694) (51,15,0.8350951601890964) (2,27,0.9142878236440714) (21,58,0.7876865871899109) (41,22,0.9257026659469924) (49,11,0.8307872257974477) (6,3,0.9241071415474301) (56,14,0.9319220656024939) (44,0,0.7612566342654125) (58,34,0.8294328146488743) (47,52,0.890336749421041) (33,17,0.9456751937391377) (22,6,0.9261479813964065) (43,17,0.774577175661297) 
(23,41,0.9306125837852612) (1,27,0.8546663225578132) (22,56,0.9264881514906347) (27,2,0.8388651282288127) (17,31,0.9114612210047457) (4,31,0.9306980517318966) (45,1,0.813661593752816) (26,29,0.8880977698811654) (52,32,0.9163550800609466) (22,9,0.7819148861548988) (44,48,0.9050219128008726) (53,6,0.829672372115828) (31,35,0.818588362763461) (58,36,0.8155163076780164) (39,10,0.7700853133911303) 
(20,6,0.8274365422828407) (23,41,0.8453702997773282) (34,43,0.8520797442944549) (31,17,0.9230654414378867) (47,40,0.7947471978095502) (43,7,0.884666733704338) (45,15,0.7603908971656392) (43,52,0.9030959727136147) (35,39,0.7694686514903607) (51,19,0.8759502878811501) (3,25,0.8965981324211196) (14,4,0.8995644254500632) (29,50,0.7697406461635313) (28,37,0.9184018643384708) (42,50,0.8415981866758178) 
(40,31,0.7861686002350405) (24,52,0.8489415521655364) (8,28,0.7890203869768192) (29,0,0.8146431176966782) (12,16,0.8940263799201422) (57,16,0.858787112311184) (4,47,0.7875669521726658) (39,4,0.902300537335111) (28,5,0.8296655854026442) (23,47,0.9382501135741411) (0,1,0.8419899468010121) (4,36,0.8822806970631303) (21,40,0.8661302450906104) (53,4,0.9139018815521729) (41,32,0.9087893967746529) 
(59,14,0.8080008324312125) (27,13,0.8071798718958064) (40,10,0.8890232977779673) (4,54,0.8130606298815337) (38,44,0.7937260659734571) (12,25,0.8247837487436223) (26,45,0.8187515415985366) (11,12,0.9366687153690403) (0,54,0.8312794443358248) (22,53,0.8335493635435579) (59,54,0.7660994034942086) (55,46,0.9480512704751451) (26,16,0.8411359978716477) (47,54,0.84932518231305) (5,23,0.800643259831366) 
(5,26,0.8322489621886633) (49,48,0.7637703738646021) (51,56,0.8738205329484611) (42,50,0.8762627582932702) (10,18,0.7980310218455464) (15,49,0.7917737961911572) (36,20,0.9299937418935709) (15,25,0.7618748676559168) (12,11,0.8965280320568587) (1,37,0.8841281495173537) (11,24,0.8257592461405752) (26,52,0.8702442678769109) (31,32,0.8041407098645599) (46,33,0.8962581796603332) (34,1,0.7605744079678861) 
(32,39,0.9053604747952008) (30,28,0.9081968533396456) (15,19,0.8748325899937142) (46,11,0.892429982180057) (9,23,0.7606551230581432) (43,1,0.9299734313103749) (53,17,0.906588881499132) (7,22,0.7971881589818917) (19,16,0.7873017208233137) (34,44,0.907561099074734) (48,23,0.932872469248833) (42,41,0.9209433285117271) (15,10,0.8712487651641663) (43,6,0.9193368663479515) (43,18,0.8370931400892683) 
(47,4,0.7599471747346982) (25,55,0.8036397005373601) (30,3,0.9415535982929202) (9,34,0.8705728221080501) (3,4,0.9365724713745638) (44,49,0.7854126974647654) (38,39,0.9273018202722577) (26,16,0.854726062108956) (56,8,0.7640333895683181) (0,52,0.7716994331630679) (16,44,0.7511732766368854) (48,51,0.8075781556531448) (26,55,0.8978214448985837) (49,53,0.9336856137784832) (43,44,0.837179462340826) 
(45,21,0.8591551798398304) (4,49,0.8761287443012349) (13,49,0.7585326385053119) (5,19,0.8060428073580858) (46,29,0.9149276041367009) (32,47,0.8970747858603657) (49,7,0.802943227387932) (17,56,0.7758967967851298) (54,45,0.8740076654033564) (46,58,0.949760629927261) (25,11,0.8016133978446729) (53,49,0.8624975904877782) (52,40,0.8005513746393449) (4,16,0.9095593869046033) (56,11,0.8942423741394447) 
(11,21,0.9151400200251327) (26,8,0.7580162326793892) (41,6,0.8962471717563444) (5,13,0.7828431648013565) (3,9,0.8786898869612785) (50,49,0.9115446457410747) (19,12,0.8976640531443834) (57,21,0.9139589805359429) (35,56,0.8553801201149313) (45,23,0.7797776864087604) (28,5,0.8159631698640616) (26,49,0.8989111030617507) (42,22,0.7704138242670043) (48,40,0.8015499386384775) (14,33,0.9191391756024778) 
(53,12,0.8105769335027778) (8,14,0.9435332626622345) (49,58,0.7530035283368126) (7,31,0.7876348876910996) (41,2,0.7523787672034968) (33,22,0.7786382606420902) (20,52,0.9497173239831417) (11,58,0.9049057047506273) (13,58,0.9283360335302371) (18,22,0.9418089531800686) (5,51,0.9055421704407421) (52,32,0.8161564285063863) (39,25,0.8536039277249112) (52,17,0.7826756085005248) (25,55,0.8427616524193544) 
(42,35,0.9315390354807076) (24,37,0.8449727948596769) (14,33,0.8058093635393735) (18,43,0.8515994462757682) (36,13,0.8621536827908037) (55,39,0.9417226696797263) (22,38,0.7643979797414403) (31,36,0.8264992705603565) (16,26,0.8453806319832041) (47,10,0.8945450637909649) (56,9,0.8565923446662534) (1,42,0.828781711511748) (46,55,0.7608234504731897) (34,15,0.8458262228789825) (11,25,0.7878154497357693) 
(11,39,0.7817781156872032) (41,37,0.8462058576812932) (23,10,0.8116038508860419) (17,52,0.7600298032197473) (44,46,0.7594011738205559) (33,7,0.9455172956051139) (28,2,0.9049558647351756) (16,45,0.7602940774806699) (1,16,0.8048023624421646) (11,2,0.864208385338408) (26,52,0.9088162651089117) (13,28,0.7704445117202071) (40,43,0.9234697961970746) (4,50,0.7995430812097938) (55,52,0.8911262185180553) 
(27,41,0.9414085257049545) (7,40,0.7978957761499061) (52,56,0.8642619344297094) (46,7,0.7621212032177822) (47,39,0.8867743650671323) (16,20,0.8911621688476639) (11,15,0.8224991616923394) (32,46,0.782996410659856) (35,19,0.8417228517559475) (43,29,0.7638512360634516) (1,32,0.9254771449230652) (21,15,0.7887271455635411) (11,41,0.8659323797386692) (6,50,0.8780127615666367) (40,53,0.8967358681994178) 
(17,38,0.7927073537451303) (12,48,0.8435605827400954) (52,48,0.9482184688668902) (35,54,0.8343033506481292) (48,28,0.8177021376257697) (23,42,0.7670432723152338) (39,49,0.9348030167883898) (46,25,0.9366026377404622) (0,48,0.921141864571311) (58,23,0.946603840614348) (6,29,0.7673824993347642) (33,53,0.7848906209767742) (39,33,0.8564022533217891) (10,53,0.8023215970755749) (22,53,0.768001550514954) 
(43,49,0.7802131310411434) (13,57,0.8772822750800976) (16,12,0.864032868990949) (30,46,0.7694471187602557) (37,28,0.7665301110721933) (24,36,0.908578127287666) (35,9,0.9445795443256184) (12,15,0.8734351233007206) (53,40,0.8209307183125759) (7,23,0.9176130343261786) (11,52,0.8085975100891261) (45,1,0.8646439628819128) (29,33,0.9427629090314593) (33,59,0.7553395439990451) (38,16,0.8892736455651283) 
(40,32,0.9150963685473084) (4,23,0.7637714137852665) (9,49,0.7647607280604254) (35,29,0.8300806190863034) (3,21,0.9413970720251956) (10,55,0.7864477542803878) (20,54,0.9467330354910933) (48,1,0.7891422159159603) (34,19,0.7601011337714104) (2,45,0.769209084178322) (40,27,0.8695391716077616) (52,56,0.9156972093157906) (3,1,0.8299788123354285) (57,16,0.8951187342019442) (28,26,0.827796176180779) 
(44,7,0.7606429267824995) (5,12,0.7966380271506645) (21,54,0.7721214382034471) (10,47,0.9270288872437298) (24,48,0.9135826178456067) (53,19,0.8917707219097469) (51,5,0.9371929706308801) (12,47,0.9487677455795314) (40,8,0.9163607739327253) (52,18,0.8293611848980164) (59,4,0.8024646161028366) (6,13,0.8068723802788748) (33,55,0.8059687621955675) (16,45,0.8647369070064318) (35,0,0.9157566750607793) 
(59,4,0.7507482123729353) (37,1,0.7931149075049608) (42,17,0.9024748358884707) (43,24,0.9055679805269634) (15,54,0.8362771255398361) (17,4,0.8720941187743331) (7,5,0.7769207406357034) (5,58,0.7572773926689904) (1,4,0.8135001329254243) (24,10,0.7605432493033961) (32,45,0.8023742245230774) (9,57,0.7799171057635048) (31,20,0.773552690361303) (39,52,0.911635314007978) (1,0,0.9092498014128427) 
(26,27,0.8276986681698227) (24,59,0.9131382678275954) (26,39,0.8718187641286114) (45,26,0.7640201541535055) (21,41,0.7893070826797433) (57,58,0.890070081478539) (18,6,0.8189319912364191) (7,59,0.9464597261041794) (37,43,0.8830082851621722) (19,56,0.7976717689123306) (58,48,0.820649620112418) (28,38,0.7665355119702287) (56,21,0.8831159227948413) (59,38,0.8916978836500256) (18,5,0.7913735751800863) 
(44,37,0.8273355287716365) (32,1,0.9204500773358157) (18,41,0.8331631837147665) (39,21,0.7934875841579345) (25,47,0.921418776741098) (18,21,0.9253523876396138) (17,51,0.7646202316444966) (8,13,0.9484228354936494) (48,18,0.8180364836924) (24,55,0.7588327929762504) (34,0,0.9219899406944165) (16,7,0.7637580884199823) (0,18,0.8183779993307659) (10,19,0.9446514706335633) (14,5,0.7533714491702986) 
(25,20,0.8996733604657406) (47,13,0.8730429505291741) (31,36,0.8790699008099123) (21,46,0.8804399778707558) (40,34,0.8320210482609307) (49,5,0.8446482382116962) (40,5,0.8854940295059077) (58,21,0.8256905018174316) (24,8,0.900789788243989) (6,37,0.7894016158527773) (32,45,0.7662889771500994) (54,38,0.9048954028853453) (13,57,0.8353725805991606) (34,35,0.8606041232833253) (23,39,0.9323014087234143) 
(35,57,0.9034966844616474) (32,37,0.9011266303720253) (33,13,0.7846519085763513) (15,50,0.9223699658900726) (55,47,0.801754751898718) (56,37,0.9211992781242373) (30,55,0.8438415179185932) (33,41,0.8672445974848849) (39,9,0.9009661007474501) (26,45,0.8767375529675183) (29,47,0.9189028370330252) (8,7,0.8697945805856482) (58,33,0.7625210947992758) (52,18,0.8156836175611966) (32,22,0.8497500161475321) 
(10,33,0.8826159082052587) (43,11,0.7543187001199436) (42,25,0.8094963998437997) (51,49,0.7578966418354305) (2,10,0.8875998646971027) (16,12,0.8879725857556677) (14,41,0.8997032245899709) (3,32,0.7691350787143646) (42,5,0.8669318118603045) (53,58,0.8549955314288817) (26,22,0.8091470398155944) (43,47,0.843800547013166) (23,28,0.8032911706298806) (40,20,0.8687488447682866) (0,13,0.862716756194132) 
(25,3,0.7773992361465656) (1,26,0.8286947192930589) (34,47,0.8469558439567287) (32,1,0.8577663985659619) (31,14,0.9143608221567563) (42,10,0.8415345541203828) (10,23,0.8522196400086288) (6,56,0.8143808151931156) (7,17,0.8844324520565507) (58,3,0.8294778331752478) (48,28,0.885542514312405) (7,58,0.9089791960700693) (36,47,0.7636354551078752) (58,52,0.8282624507740974) (18,8,0.9221454452059319) 
(28,46,0.8692432677563191) (32,28,0.8177319452408278) (48,7,0.8269549192588029) (54,31,0.7501189410637509) (20,54,0.8392323616429688) (6,24,0.7542118580611588) (50,24,0.9137479085571435) (36,55,0.7631691662812565) (24,33,0.7813381016129984) (42,9,0.848267811778448) (4,36,0.8269588517964719) (17,20,0.8523111385365697) (17,9,0.8382321229885336) (3,31,0.9236147557556932) (55,24,0.8810609236882455) 
(39,46,0.8649996323418562) (58,10,0.7661385490224231) (27,13,0.8251963691761769) (12,41,0.864350385837746) (36,18,0.7602337742149166) (4,49,0.7932521070532272) (43,33,0.9201349324021697) (9,52,0.7851597121580105) (43,56,0.8715351808761529) (53,38,0.7775029822227594) (8,52,0.8366445823188611) (6,9,0.8287324158657554) (15,50,0.8721194154413867) (58,48,0.8249608485745987) (48,1,0.8061395468274889) 
(13,45,0.753579536297118) (44,38,0.836595661057048) (9,7,0.8047156177207274) (6,31,0.7762506485994602) (29,37,0.9400190374292291) (5,15,0.7763881208101269) (58,35,0.8029739087591055) (10,7,0.7593228842049106) (41,32,0.9394025270141209) (40,16,0.7883383071230445) (19,53,0.7790097440873396) (29,6,0.8651568437849363) (27,22,0.7681250944243969) (8,6,0.91538971704142) (38,13,0.8089519482292162) 
(24,23,0.885274068226024) (39,7,0.9202473898891466) (27,40,0.790428209079218) (4,28,0.7890125627385529) (46,20,0.8508640061966323) (11,30,0.8676081585318811) (14,15,0.9079828773385472) (36,41,0.8703332094347827) (30,9,0.7989851440598897) (32,20,0.8178824670615974) (23,53,0.8596268791496214) (20,33,0.9392648668120247) (36,25,0.8315131569517777) (8,9,0.7745057743653782) (57,16,0.8473026717345286) 
(39,21,0.8841598601590148) (30,34,0.8925589793345929) (8,23,0.8902173147273108) (15,5,0.9495228022486103) (30,16,0.870490761169525) (30,7,0.9266737885398937) (34,23,0.7520108823091016) (55,35,0.9053919412680111) (41,57,0.9102128123170614) (43,7,0.855522530965875) (47,10,0.9369706187719848) (22,14,0.8078694001618703) (44,5,0.772139382397619) (30,59,0.7643944526356109) (30,14,0.8914594070027463) 
(2,6,0.9040395544021369) (7,19,0.8797951812546627) (8,16,0.9128143063399585) (45,10,0.9122768769690959) (1,3,0.863307950491184) (52,41,0.8249374689995995) (28,22,0.8038328276190251) (7,57,0.8734087583514507) (59,34,0.87218936407565) (43,50,0.7638114431400364) (27,46,0.9283555504825352) (2,30,0.7626561757063445) (34,3,0.8574582869514302) (25,1,0.8314509352418666) (18,58,0.7657363283250108) 
(4,31,0.8944247704885624) (41,26,0.8693215561518222) (53,26,0.9135145690683082) (7,41,0.8944384270425733) (10,44,0.88499666967358) (6,59,0.9373176721558228) (39,43,0.9370341034901986) (5,40,0.8559338386333661) (20,33,0.7667451919482522) (54,56,0.8431019338889961) (47,0,0.7798387453962885) (23,57,0.905405686223312) (7,6,0.7932452758596861) (34,50,0.7691720488178413) (35,39,0.887309214208488) 
(43,37,0.8807793526158804) (34,28,0.9135765830178758) (51,32,0.8294304587001172) (28,21,0.887228560080257) (35,40,0.7687668201525615) (37,56,0.9452862981553525) (47,37,0.8307368594216425) (57,43,0.8832297695211528) (36,17,0.8473700325255938) (50,24,0.815268440586146) (32,18,0.884132170206794) (53,48,0.8504148342142847) (33,37,0.8994714603786145) (24,8,0.8912741644705153) (22,23,0.836244878422907) 
(20,41,0.8474229133961085) (43,7,0.8379423411143498) (43,51,0.9479754146004594) (48,2,0.8896485622233864) (29,46,0.8625009041897737) (21,33,0.8628680396143328) (11,17,0.7756636865371074) (50,55,0.9133841391217334) (16,39,0.9045365165904511) (49,51,0.8698369724676024) (43,37,0.9377296656191795) (37,20,0.8790816102625928) (43,10,0.8729715029504111) (46,20,0.9157347993679497) (58,24,0.9019328194230766) 
(15,10,0.8328002283350127) (40,32,0.8911627816673824) (36,44,0.9481960851799361) (37,57,0.8717538588668614) (54,32,0.9200707240280155) (11,23,0.8900969058632033) (34,41,0.898483183338247) (51,21,0.9174848692131591) (29,42,0.7648318261939689) (20,1,0.8782723161556606) (16,28,0.8677566967487632) (22,5,0.9357389154222067) (48,5,0.8531137985126034) (0,24,0.8364496009313209) (24,52,0.8351024155477687) 
(42,7,0.8278089375290765) (8,33,0.8219246107614284) (52,31,0.7644737964766368) (12,0,0.938893117507696) (3,35,0.8747641497898301) (37,31,0.902466699098939) (44,1,0.9296681042371041) (3,47,0.7954053510719268) (8,47,0.938197750094599) (57,34,0.8913568885969757) (51,21,0.8479853551975198) (42,51,0.9165132508851652) (38,25,0.9085292636447699) (8,24,0.8824537381363079) (53,49,0.8662903072014355) 
(29,9,0.8082362152709641) (11,57,0.8025342868243037) (57,12,0.8648916944471197) (6,38,0.7888015721401437) (44,43,0.8293478810862368) (51,28,0.9058084824252898) (15,28,0.7514148213841878) (8,47,0.820739603907405) (47,5,0.872172115267227) (22,12,0.7942768764485455) (6,3,0.9000030874095332) (13,21,0.8838773230958341) (17,37,0.8932911342113499) (49,10,0.8681296981866335) (28,30,0.9427623789418074) 
(1,43,0.8077671810108493) (58,54,0.9023975343784381) (54,11,0.7624263596056128) (1,28,0.8112546145848044) (55,42,0.9352883500261662) (15,44,0.8281409714059331) (57,15,0.8410180685230302) (36,16,0.8273007589511082) (32,21,0.9468224176910984) (14,47,0.7676585367459337) (32,27,0.8733937639137213) (47,21,0.8713640904804281) (52,35,0.8767754794049942) (12,55,0.7768592786073049) (6,1,0.8728649316931069) 
(0,10,0.8489030423166669) (18,22,0.7799147138966095) (16,37,0.8128259272939499) (40,4,0.8518631583070015) (18,45,0.8032467214370931) (12,36,0.8844753341001275) (57,56,0.7903243784562631) (51,35,0.7609370738355274) (52,15,0.9110974618464538) (44,45,0.8997258838908384) (13,49,0.850642341507202) (43,4,0.8982849441695553) (37,15,0.9305250377780503) (53,1,0.9009189598027174) (20,7,0.8143621131811438) 
(33,27,0.937399614345944) (7,35,0.8999113159732142) (13,36,0.762313925663273) (18,8,0.7718073285517885) (22,26,0.9081439719636151) (17,43,0.9082262457733834) (57,0,0.7827035772082006) (50,43,0.7792769770334073) (5,46,0.8036558727605849) (46,38,0.8754948045636723) (43,56,0.8182836521237247) (14,26,0.8507080675861697) (1,31,0.9383704070229621) (6,40,0.7638065064747348) (39,47,0.7899123380578413) 
(32,56,0.9285683022163008) (51,29,0.8538863010200859) (28,10,0.9060353172201892) (33,9,0.7965217983377844) (32,52,0.945161463228684) (49,38,0.9486409538024466) (37,51,0.7867450502749411) (32,15,0.9035589337923169) (50,29,0.9487014989255061) (36,50,0.9278396186769652) (38,41,0.9411738460071619) (48,24,0.7875138951624856) (32,28,0.8653338201848537) (2,57,0.7725354218463343) (48,36,0.8341858861406268) 
(54,48,0.9235323410930443) (50,13,0.8987229307006817) (21,50,0.7645125489827498) (7,46,0.9466863199871752) (21,59,0.9088110397275299) (27,38,0.7552381295956059) (59,12,0.9318300416977994) (3,32,0.920185966363336) (17,37,0.9022282532120781) (39,45,0.9107964427792549) (27,19,0.7585405466067398) (43,7,0.7618410403644711) (26,54,0.8825663483266952) (56,35,0.941659357851176) (28,0,0.8618770058841304) 
(31,54,0.7912898787329538) (15,33,0.7957792468932551) (24,23,0.9312246451741395) (51,25,0.9400806703190566) (24,44,0.7912424108472738) (57,30,0.8383989795394252) (18,26,0.9403845155070742) (10,55,0.8835968793540911) (17,38,0.9194519857643817) (2,35,0.9406513995790537) (26,34,0.9167409373319099) (41,18,0.9272296445017156) (6,58,0.7647357280468805) (52,13,0.8829909358003644) (2,29,0.9127864966939974) 
(56,26,0.9262327675502301) (54,42,0.7966937187779972) (54,14,0.862824889896286) (58,24,0.8973003971661081) (2,39,0.893413074612937) (32,35,0.9003326004338603) (46,31,0.9012038556358661) (33,26,0.8030592222539596) (40,24,0.8560416079847082) (10,31,0.8243702667979351) (24,53,0.7793712853819719) (50,8,0.8121040024866064) (12,35,0.7848860851521905) (42,14,0.8991890471224195) (28,31,0.7511920027233174) 
(37,43,0.8937964197737628) (53,5,0.8589126761803585) (27,32,0.7690224975490462) (20,58,0.831025738049186) (2,31,0.7848875751219361) (29,10,0.8039130719011096) (20,56,0.9085668255287951) (31,57,0.7846705751117674) (11,45,0.7562732220663381) (46,9,0.9345832509930325) (4,39,0.8109488005047264) (27,24,0.7813932356202564) (5,19,0.8884102614741648) (2,58,0.901195143362215) (35,48,0.7999320393284998) 
(29,57,0.841562675282774) (29,5,0.7500492196389515) (26,29,0.7581922004657012) (58,1,0.9194514573378931) (8,11,0.7784049473300645) (44,52,0.7822100492440944) (5,49,0.8584459459578729) (6,59,0.8832275362019121) (10,12,0.914674606606747) (29,44,0.8452684998715864) (32,43,0.8206225825352675) (36,31,0.8036317323461201) (20,37,0.7789167730638812) (42,43,0.9362995890936583) (14,10,0.8737123412171806) 
(50,24,0.9377471082217985) (24,35,0.812107822816049) (4,10,0.9202867788202741) (51,46,0.9372494681831627) (39,46,0.8757967141755292) (45,23,0.9062393522629939) (1,18,0.8096335453244151) (4,40,0.9197306422583378) (14,40,0.8773436764724535) (7,28,0.8447268116562776) (9,5,0.9285586153788337) (41,21,0.8319022379899011) (17,57,0.8017728392650151) (51,29,0.8955191990751364) (33,39,0.8619827445671733) 
(20,44,0.7579833410653448) (0,36,0.8156110517975814) (57,13,0.8721824883427038) (18,36,0.8089949948112798) (38,42,0.7859874561942279) (42,2,0.8543836442865844) (59,57,0.8130051333519187) (3,35,0.7938068320596554) (14,17,0.8857790270492633) (22,33,0.7635390927606965) (23,42,0.7788594429537247) (28,18,0.931378074741141) (36,11,0.8453072826433423) (29,6,0.759767654390874) (1,28,0.7944195994200701) 
(53,57,0.8352656193850337) (14,8,0.8124444090251177) (2,33,0.7859605802660151) (21,24,0.8184287517821331) (23,37,0.9237520446359667) (36,21,0.783743050272818) (9,40,0.8406804864233415) (2,23,0.8689334398590969) (22,40,0.8816554659170279) (28,36,0.8109890413961768) (45,33,0.8473477214435302) (35,20,0.9000273583894793) (24,1,0.9039473183183311) (42,35,0.8148791595626721) (46,53,0.7830836919712211) 
(16,38,0.8994637447471485) (41,9,0.8932200481459135) (45,6,0.8304281426030351) (37,39,0.9451890867622021) (24,39,0.8380975866802503) (46,49,0.8117582622537968) (6,7,0.894395920249164) (30,21,0.890130330562854) (57,3,0.8882042459886605) (9,25,0.8032770605681381) (52,23,0.886368503131172) (25,34,0.9365342632609439) (4,52,0.8304831316376499) (59,5,0.9207581411886777) (19,14,0.7809341563537652) 
(0,16,0.860386583827566) (20,48,0.8419811821460605) (3,50,0.7753910771770232) (18,46,0.8730718096042452) (3,13,0.929012482206776) (4,32,0.7823283651337273) (42,36,0.9211282715277977) (57,10,0.9030675891599083) (51,39,0.8395162348434309) (32,16,0.816982571554721) (36,21,0.9200255415603379) (18,38,0.7620986812049324) (5,53,0.84603761991687) (7,19,0.7539649018175542) (58,37,0.8434376478785571) 
(16,25,0.7978782018702877) (39,9,0.9377045910482471) (43,38,0.8858687434881626) (42,26,0.7720748826264668) (4,35,0.9190922506953642) (41,18,0.8674501715443407) (56,47,0.8634058123443851) (5,42,0.9455985646515468) (14,39,0.7785279923682183) (7,35,0.8375147994931798) (48,20,0.8741593926557918) (26,3,0.817632274430207) (15,22,0.9365434364642016) (15,17,0.9471342526790579) (37,41,0.7577855166445191) 
(6,23,0.8083600476639385) (16,18,0.8542522930682751) (40,35,0.8223305934857793) (4,3,0.803706052825077) (1,50,0.8189586694396317) (1,38,0.7980555819178262) (40,51,0.9039917276930968) (47,4,0.9225617897100011) (19,9,0.7585810877032096) (35,28,0.7916827796107754) (5,35,0.9128422693988218) (30,42,0.8607702019582016) (38,3,0.925008703918677) (47,8,0.9426805560193997) (58,31,0.9418862774927446) 
(38,59,0.7646441510086002) (6,15,0.9238546831949638) (53,8,0.7867085424319008) (10,54,0.9443792832811331) (19,56,0.7690474815788805) (36,28,0.8190149587908265) (35,28,0.8470150679229502) (8,54,0.8661021699167321) (33,43,0.9081779489467188) (26,42,0.9108909607125301) (35,44,0.8095700402500009) (11,18,0.9022849072030493) (37,51,0.8154031331763438) (27,39,0.9374083759236949) (14,19,0.949653093490554) 
(25,54,0.7798040446951794) (32,24,0.8753094555677599) (11,57,0.8191965228767253) (30,41,0.9334160817151658) (6,40,0.7915327739102818) (24,25,0.8223125432839202) (28,52,0.9422978409123336) (18,14,0.8516406006227193) (18,15,0.753110956003381) (36,37,0.7928595298791674) (14,47,0.8474798681141882) (6,53,0.8045594903643187) (46,38,0.8170491332550244) (5,4,0.9361569170236873) (31,43,0.9150796409272554) 
(38,48,0.8243191906775222) (39,26,0.8763487746758872) (18,55,0.8627461369619189) (38,18,0.8578747589398433) (31,34,0.7854433873999878) (2,37,0.8913914044305511) (30,21,0.8720854832912347) (36,43,0.7544886133491683) (21,58,0.822060670908668) (3,22,0.9392033437771616) (28,52,0.8355141791331147) (59,23,0.7970551315885073) (39,16,0.8350281971339015) (58,40,0.8565124236589857) (42,16,0.8767894492579901) 
(44,8,0.7948348697271012) (49,7,0.8499819599084425) (44,2,0.8293180306308597) (33,22,0.9494982494400837) (30,40,0.7667650810791864) (38,15,0.7732755236864888) (55,49,0.9262596858627263) (21,0,0.8237239972332888) (58,21,0.8976065951851938) (55,47,0.8300724083057947) (28,45,0.8390221455117864) (41,16,0.8312634188633271) (31,30,0.8298485070881829) (44,27,0.8148679943345545) (9,57,0.7706301010334201) 
(56,40,0.8638261099987796) (5,2,0.839385877637842) (26,56,0.7753394400720626) (9,52,0.7650183821459903) (12,6,0.9106826415697964) (19,10,0.9053446067308625) (35,29,0.8004867668708533) (31,12,0.9400216018197071) (0,51,0.7737832586548185) (5,24,0.8920341386325916) (52,37,0.803066879543491) (28,59,0.8770587296214257) (15,19,0.7500275277747167) (26,19,0.9061424021422942) (32,34,0.7596167884488828) 
(14,24,0.7888344681611352) (2,58,0.851996237439835) (44,9,0.9042758030403694) (14,26,0.7783789741034005) (7,34,0.9445197517476358) (8,54,0.8765479220356527) (31,44,0.8548476946136596) (26,27,0.8420480704479665) (14,31,0.8449465654044743) (52,24,0.9288874630073987) (59,23,0.8741139310644169) (1,58,0.8436837233140236) (33,3,0.8665205367820463) (19,9,0.9278458863859324) (18,31,0.918293105453561) 
(23,24,0.8437142389511936) (28,56,0.9119132127134734) (11,6,0.7965958642222206) (29,57,0.8350585127715293) (51,21,0.8157747209742956) (37,39,0.7558080376274925) (38,7,0.785617342500049) (7,30,0.8925203305253274) (52,1,0.8862117379434095) (11,40,0.8568333108807978) (15,59,0.8788175827914555) (9,29,0.9090364035914158) (20,8,0.7531751388674175) (5,34,0.7898217245009996) (59,17,0.851515292047184) 
(19,42,0.7669960166118155) (58,42,0.7929717823259744) (6,58,0.770347341249792) (24,57,0.8660912542974926) (1,34,0.9278282829270285) (16,21,0.928344223699999) (11,13,0.859550291545191) (19,47,0.8047575554855926) (41,37,0.8368725877817891) (41,35,0.843019329493027) (30,16,0.8567267505321444) (57,13,0.8526151745005386) (40,41,0.914522962115128) (20,43,0.7729361971391252) (13,16,0.8913673548805999) 
(7,35,0.8359453369454702) (25,43,0.8275890642497346) (18,50,0.7632266226448439) (23,2,0.7627664174164412) (54,52,0.7944053305618493) (43,7,0.8695678353126273) (41,57,0.8668220594467437) (44,24,0.8090058301298955) (21,34,0.81775115961499) (31,33,0.8323600618954151) (0,35,0.9043233659133707) (8,35,0.7912080633320692) (59,31,0.8457689786046048) (31,10,0.8155243815442628) (42,39,0.7591963299168234) 
(3,6,0.7657940674279456) (21,2,0.9417482944083977) (49,25,0.9205788446276869) (2,0,0.8215964856909619) (57,34,0.8249536674004649) (2,10,0.9339036333180203) (14,23,0.9206819056457085) (49,9,0.850058817439897) (38,12,0.757225734846233) (14,33,0.7888796665794487) (33,10,0.949685326477779) (57,17,0.7784916141849451) (12,34,0.8473960578824086) (55,31,0.7601607111400771) (35,56,0.8666543058577266) 
(38,48,0.917251575067014) (39,9,0.8906044253603983) (10,31,0.8554442604106055) (23,33,0.789634480252136) (48,54,0.8500408222045005) (55,5,0.8560087769561661) (56,39,0.9357715455866467) (20,38,0.9179805409969317) (19,21,0.8853314180356542) (15,41,0.8712934627384139) (19,38,0.9281514819697673) (54,20,0.9424936685108156) (39,8,0.7987822915654437) (13,41,0.9495715353405966) (51,9,0.9259659817773433) 
(8,20,0.8922930890614208) (42,30,0.8457052682116265) (42,27,0.8806634589819187) (41,16,0.9499341011679936) (56,6,0.8137692112893656) (38,15,0.7720460976151977) (5,37,0.8740045443127655) (18,5,0.9400758962001441) (19,53,0.78716896371795) (32,59,0.898559027407224) (43,2,0.8223910728268508) (43,12,0.7962828152862165) (47,15,0.8960656335285037) (56,47,0.9031802661610718) (19,42,0.889678574637339) 
(56,40,0.7501024462720035) (24,2,0.9230108037935596) (48,27,0.8850243359848824) (59,39,0.8021929923355575) (18,15,0.812042295876959) (24,47,0.8931801628582721) (30,22,0.8686023340454697) (4,34,0.7577162040541661) (36,1,0.9394101472397192) (14,31,0.7995000337551762) (2,39,0.8133535763608454) (59,14,0.7530953972232408) (50,29,0.8292751533941563) (41,32,0.7806417187582612) (30,37,0.8554572080043271) 
(47,3,0.7556794363947741) (5,54,0.924881024895859) (29,21,0.7530913864740348) (25,19,0.8985681813560331) (17,26,0.8537637901506799) (45,7,0.894313308004904) (43,16,0.8794959514964252) (36,53,0.8775082708785871) (26,57,0.8024143422173122) (29,16,0.8508311933159122) (55,34,0.7754057296157354) (56,15,0.8437272261571397) (10,42,0.9286272601053099) (9,6,0.7801108578991846) (4,14,0.9075173994216703) 
(59,4,0.7970001875993477) (7,6,0.889234602910587) (58,33,0.7748582525696993) (30,28,0.8090084623203837) (34,51,0.8388493115915934) (33,19,0.792411593881024) (59,21,0.9006533924649702) (46,28,0.8019618756110778) (10,35,0.7501172901694854) (3,7,0.8887817630885022) (9,54,0.930995086789857) (13,20,0.8469637897233563) (6,47,0.8417008394518409) (28,4,0.9176649361033982) (36,24,0.8149917453070251) 
(21,37,0.8489788353895912) (56,45,0.9057457309589101) (21,54,0.893664429145331) (0,3,0.9275312110452105) (50,24,0.8998006768220584) (12,7,0.8166639500931714) (20,18,0.8876123613895872) (18,25,0.8165077342323517) (57,16,0.9167167842214974) (42,55,0.8362832380445592) (58,34,0.828284673073759) (24,42,0.9224212530375258) (25,43,0.8608836549473423) (34,29,0.7543315673573109) (48,42,0.9041888207968386) 
(44,24,0.7924357272780348) (38,6,0.890600990997821) (45,15,0.7851031628521179) (9,59,0.8784413562909883) (36,12,0.852566491049643) (29,14,0.903602507421851) (55,11,0.8802278952885028) (22,45,0.8583901554846102) (8,29,0.9291661260199306) (49,35,0.8368505838497345) (24,7,0.8950906333067878) (33,13,0.9075052293287088) (21,24,0.7982891650540652) (24,56,0.7746318758357886) (37,38,0.7864946791279699) 
(2,33,0.864447538248107) (1,50,0.9112391399257052) (2,4,0.8816001230132655) (37,19,0.8502444316470104) (8,31,0.8679899777192123) (58,32,0.8264930092802676) (48,10,0.8788318030521547) (50,31,0.8267798996695098) (33,46,0.8459501267235614) (7,16,0.8056608914728821) (58,27,0.7780452234659031) (58,16,0.8353578255993499) (13,56,0.9314628143454758) (29,50,0.8517082792943644) (17,37,0.8840081171612498) 
(29,12,0.8429583740976513) (56,32,0.8683636405755072) (23,42,0.8335698731323984) (42,19,0.7605514725107161) (19,58,0.8222617357016375) (7,45,0.7808348763382704) (25,45,0.9158306076720568) (37,40,0.8495941211585816) (5,31,0.9186396056242597) (11,6,0.7549107511774159) (21,13,0.7978337251874248) (3,10,0.7602552610359378) (29,54,0.8715847056217046) (20,25,0.7895741768600556) (7,25,0.9314736106244161) 
(23,11,0.8936447290358766) (12,25,0.929256456850329) (3,43,0.8940714086696467) (50,24,0.7709233366784329) (8,20,0.8934674701731821) (34,52,0.7832420214666679) (15,47,0.7808520791688377) (58,0,0.7736779723650807) (32,26,0.9346114258034183) (0,2,0.8156066566636494) (34,25,0.7548635199756146) (2,55,0.9080542473722584) (56,12,0.8985113984515638) (42,48,0.8478473214178873) (5,29,0.9445223728141305) 