(47,35,0.7695207557904287) (12,39,0.9265371160076937) (29,12,0.9061664482000449) (59,57,0.9396106234670305) (26,23,0.7758874946457452) (9,41,0.8726590143500449) (24,23,0.8994053539225956) (54,17,0.7854723142919791) (55,8,0.8367989404267951) (33,1,0.7963024493186445) 
(17,11,0.8646010650340235) (35,46,0.77111111759397) (0,51,0.8909724932889738) (24,27,0.9087671142513076) (30,21,0.8998750052326382) (35,30,0.8398160545302057) (21,41,0.838366241347804) (54,5,0.9279725646234911) (56,43,0.9404498277695648) (18,31,0.782406793648519) 
(1,34,0.8764217622600338) (13,20,0.9329354523181066) (8,48,0.8481499217451759) (31,5,0.9450125865248489) (37,39,0.8879437471278807) (27,59,0.7599331277025774) (52,4,0.8768955127750591) (41,19,0.8051428625170359) (45,7,0.8096496715552928) (40,2,0.8903872383753233) 
(45,11,0.9274559775803428) (29,0,0.9131268060209126) (35,55,0.8012608288152825) (27,14,0.853842212386508) (12,53,0.8655473653799932) (56,3,0.9171560581173398) (57,38,0.836191474917913) (45,0,0.8765341961253414) (53,4,0.8279709711337868) (19,25,0.8907611210853396) 
(21,12,0.871238367479578) (42,51,0.8158215661024011) (12,10,0.8659738749472116) (18,19,0.9274322083782721) (35,58,0.8820611030150056) (50,43,0.7794508720193177) (36,44,0.8645544544470951) (19,2,0.9316261640614159) (38,42,0.9213797142887624) (3,18,0.8390638338465622) 
(40,13,0.7563525398969623) (42,17,0.7611862775102158) (17,1,0.8802204599199811) (59,44,0.854899422060988) (10,42,0.8827760718157333) (48,15,0.8798649613339401) (14,5,0.943800865103027) (45,20,0.7571096671966845) (26,29,0.9435530651535251) (36,40,0.8230152165112904) 
(55,25,0.8849797806704178) (33,37,0.7794524029735522) (25,7,0.8911801136843404) (31,4,0.8940184354520271) (37,43,0.8894374746989123) (14,19,0.8402973157611255) (37,0,0.8815773785693304) (8,38,0.9041850683399373) (57,53,0.815037732924172) (20,56,0.9262528914193876) 
(29,39,0.7842836256507634) (28,58,0.8652491137424722) (25,43,0.7875471735041826) (26,5,0.7804470587393527) (1,58,0.8781546348386063) (28,25,0.7713272871432822) (25,40,0.8890989802419801) (26,14,0.8139865623890487) (18,34,0.7843792402905452) (30,53,0.7951046083723404) 
(35,39,0.7989607085994116) (46,45,0.8553129965974754) (18,31,0.9032504220653804) (53,37,0.9209903332910521) (8,16,0.7833437372093883) (33,11,0.849666718910985) (10,35,0.9022424888183219) (23,46,0.8046714224481591) (49,6,0.8164015317458962) (30,24,0.8182347317564179) 
(55,46,0.9470799210183125) (50,52,0.8262878205628517) (27,32,0.9323635634635494) (36,30,0.7686364356260602) (9,0,0.8226993222256495) (23,32,0.8995133116058063) (55,4,0.9450848190805818) (40,59,0.9422040083051572) (47,10,0.922642882977087) (42,17,0.9184341706625643) 
(36,57,0.9178869838784567) (55,29,0.865677267992113) (43,11,0.8895264452098274) (3,11,0.8689220436033176) (16,53,0.7924063075641286) (26,24,0.8228592653982949) (58,10,0.9016812332379633) (6,49,0.9085899391358065) (38,34,0.783466230527452) (21,8,0.8939444936934917) 
(31,55,0.8883739492082497) (26,44,0.8036467923427525) (24,40,0.7772081914383699) (51,55,0.7767914273598038) (44,49,0.7550868075274331) (54,43,0.7706838411409815) (9,25,0.91498795281502) (46,12,0.8002320596738706) (4,34,0.9284649517352077) (5,55,0.8100837738404768) 
(16,59,0.9380875985006569) (43,13,0.9491371756731376) (59,43,0.8073061482704926) (58,33,0.8874614571779946) (49,44,0.8359448524168149) (40,21,0.779715034329811) (53,27,0.8992007598750679) (56,59,0.7520468617949811) (57,34,0.8576520598944077) (13,42,0.8969298896441801) 
(45,35,0.7775677701215696) (18,5,0.7953105217424106) (47,19,0.9130264911659597) (46,28,0.9314893460280673) (44,20,0.9058993056762392) (13,24,0.8052482477382429) (24,7,0.7635654659809151) (20,56,0.8951183507032596) (4,22,0.7757687399384471) (10,31,0.8587799412875915) 
(25,8,0.9288164688332075) (31,56,0.8328754027844752) (59,54,0.7732980657073532) (56,8,0.9140314927199245) (3,26,0.7693957699058324) (16,49,0.7678091996306627) (4,49,0.7805487823185046) (59,51,0.9227541443489191) (25,49,0.9472854872098341) (33,49,0.8697695022860295) 
(37,40,0.8446661603349513) (22,23,0.9389096432855168) (18,46,0.9006313609531112) (20,7,0.7551291013319048) (12,37,0.7975036488915834) (33,34,0.785579803287898) (49,37,0.8671080422400784) (50,49,0.9271752865799007) (29,9,0.8518907472415802) (0,46,0.8786009436258946) 
(31,43,0.7831609053908017) (52,43,0.8917960642703442) (14,3,0.9325762551930172) (28,53,0.8576216735725678) (29,39,0.9224613600678778) (31,32,0.8120735545988677) (48,47,0.8253089230165934) (56,44,0.8469691273106642) (28,26,0.9125582898215678) (22,14,0.9208917925833073) 
(22,5,0.8662191738375195) (2,15,0.801931243027956) (0,25,0.878117136307666) (55,14,0.7846198309259546) (57,59,0.892513082492656) (25,38,0.9300595849871006) (8,23,0.8799114654749024) (38,46,0.7719969474161509) (41,48,0.7737746952220412) (37,45,0.8657191345081181) 
(3,46,0.762824044912369) (4,40,0.9242912721550712) (2,44,0.847953332299658) (16,47,0.7917855176629645) (14,56,0.8330005774392563) (30,52,0.9283820677097394) (42,11,0.8322591763546285) (57,16,0.846808123671894) (2,7,0.7615350348088576) (18,6,0.816566299614235) 
(34,38,0.798080368133375) (31,24,0.8109533483288985) (55,54,0.9358360788727043) (3,46,0.7763544005803372) (16,56,0.769514564279131) (51,4,0.7947736374246153) (47,31,0.9399830998829183) (52,31,0.9305317601482781) (2,40,0.8194981217535545) (25,33,0.7880723859688086) 
(59,8,0.8862921305468576) (4,30,0.8340546317455569) (21,59,0.8091284745060541) (0,5,0.9246668333144876) (17,28,0.776167456162097) (51,59,0.8272791545449408) (48,26,0.8988033442649335) (47,10,0.9111176183322871) (48,44,0.9190842523848841) (51,38,0.8030329807482938) 
(18,1,0.7681670514363507) (55,34,0.7774365749285773) (27,3,0.8916882720139303) (11,12,0.9125671818438762) (29,32,0.7682243319841887) (11,58,0.836405299821356) (0,39,0.8109149784903249) (34,31,0.8256443809489922) (22,1,0.7787156591260657) (22,56,0.8455865767047342) 
(36,57,0.821179664019703) (6,20,0.8067667941514796) (29,2,0.7802215505044714) (23,27,0.7869274299450837) (29,54,0.7845268303731159) (24,27,0.7604817005908231) (45,24,0.8551593917998682) (23,58,0.8181600353342258) (0,42,0.8025958045529231) (50,39,0.8119916285402343) 
(43,41,0.8967946870908785) (16,44,0.9099109780394276) (3,0,0.9353425075813566) (57,54,0.7820427645729047) (14,18,0.9205467599322713) (52,29,0.8483639406279584) (48,27,0.8537880602506808) (8,54,0.9303868422947589) (24,18,0.7851881803479911) (13,27,0.8613842908070498) 
(20,22,0.7910809214282636) (1,8,0.758046662071145) (27,10,0.9431489004289226) (12,10,0.9309579348382861) (24,36,0.9230822859117108) (1,38,0.8993684870114987) (52,58,0.7841857407634408) (25,58,0.7927269916741434) (30,48,0.7851908681082159) (16,43,0.8120866617397631) 
(41,16,0.878970075035605) (59,4,0.944920422120682) (0,4,0.8263030047328458) (14,22,0.8603773180210103) (40,21,0.8607840610347476) (18,24,0.9023406102083825) (59,37,0.8103771569490964) (38,30,0.8968701695670185) (9,59,0.8938899156444579) (20,51,0.8865969002721268) 
(34,46,0.8759010763274535) (52,1,0.9374936495152567) (11,12,0.843168416678985) (51,49,0.8975561991914472) (26,54,0.8977814020946744) (35,10,0.920779328923541) (18,21,0.8139301804932085) (17,45,0.8139651196167055) (20,57,0.8251389091523893) (12,45,0.8568249583953513) 
(39,4,0.8499839863952907) (2,32,0.9025968239900267) (26,34,0.9342905087778267) (54,46,0.9469543110450733) (9,24,0.7660000892444685) (2,15,0.7611218926711486) (9,0,0.8427070902674064) (26,46,0.9359241872692872) (26,49,0.8088912104585302) (51,7,0.7504268048050686) 
(37,13,0.8872886754756957) (18,0,0.9081441390746529) (11,55,0.7653097529076683) (14,57,0.8796098962783996) (58,25,0.8836221431171771) (7,35,0.8779117880390508) (21,22,0.8019394999864713) (44,7,0.8279437643019046) (58,14,0.8765991958243979) (29,35,0.8744117613319341) 
(16,55,0.9311365212197503) (42,41,0.8777627904163534) (27,37,0.8773571449461882) (59,51,0.9429339805780865) (5,36,0.765790746865224) (23,5,0.7616943572027177) (30,4,0.8707039276543225) (1,36,0.9206928081642175) (55,57,0.9086975797883248) (12,3,0.8186872859745642) 
(5,3,0.8714559848651555) (40,34,0.8185721021345901) (42,5,0.8863866842693633) (33,46,0.8311957401003363) (47,3,0.9144658310848134) (4,1,0.9124671871414927) (23,56,0.9487006131565512) (26,30,0.7755468301144253) (47,29,0.8877999646265428) (11,49,0.8835690343449932) 
(0,42,0.8850635475415005) (42,26,0.9437225600676451) (55,51,0.8627257020694641) (15,45,0.7551668018382011) (21,29,0.8363582498461655) (25,36,0.9179037362517839) (8,29,0.8944376812844377) (24,22,0.8314919608949968) (26,59,0.8641815047760013) (41,45,0.8630343291931077) 
(17,5,0.8233543021622409) (22,31,0.9452668813573184) (11,13,0.7644226196776389) (32,58,0.8807847534537536) (34,3,0.8908574450852668) (18,2,0.9499096242334756) (18,20,0.8127215781116827) (2,40,0.819165545776942) (52,44,0.9353431595300424) (38,29,0.9084734775112743) 
(34,19,0.9066563305661328) (51,47,0.8116713514697893) (49,14,0.9062364331151226) (34,46,0.8467794279145516) (0,6,0.887745355574991) (39,8,0.8869847030478163) (5,23,0.8140918079278983) (9,49,0.8415318831371371) (16,12,0.8197519114477636) (3,28,0.8163831806406947) 
(18,15,0.7736888877447766) (31,44,0.7638401137924927) (46,2,0.9086654420836915) (18,21,0.846660533084296) (44,59,0.7811462514881032) (19,50,0.8355694949433532) (35,42,0.799759081601874) (59,52,0.7518176271193089) (37,12,0.8404251500166376) (16,38,0.9216329544044783) 
(47,40,0.8454542495713061) (0,44,0.7579311485591026) (8,49,0.7523215416197921) (8,27,0.9488420411166647) (0,7,0.8811947795700565) (5,46,0.8542408426300604) (13,46,0.8495584839825541) (30,54,0.8067291393358662) (7,6,0.8008303739429196) (51,10,0.8134240176834219) 
(48,51,0.9224516700574338) (29,22,0.7763864073653001) (48,22,0.7692110743987851) (2,10,0.8081132915669218) (47,54,0.8304369685882728) (0,4,0.8539794805349127) (51,47,0.930574072188238) (55,33,0.8104622262038274) (23,0,0.7952304473016913) (19,55,0.8395277598105864) 
(29,2,0.811722080026721) (26,16,0.7719147084609231) (48,21,0.8376277280002568) (45,56,0.9253601639736961) (19,10,0.8752230665768709) (0,8,0.9200199086664135) (55,42,0.8570266425861441) (12,42,0.9433820008759213) (51,16,0.8595565500357767) (13,24,0.9445693990082894) 
(18,48,0.8542929700352099) (0,18,0.9010102075474906) (47,45,0.753811942954651) (39,28,0.9083257618767384) (8,4,0.9161498811345419) (33,7,0.8373824393665003) (41,45,0.7581401580417718) (3,51,0.7945200337983885) (8,19,0.9126774285632263) (32,53,0.8291957768140075) 
(41,38,0.9122504453196987) (50,17,0.7871678126156143) (27,14,0.7614637000624392) (27,32,0.7545501322372997) (48,29,0.8563727367861933) (48,46,0.7904201020828185) (32,51,0.8033969909105514) (32,40,0.8432072642162655) (23,3,0.94610304133105) (54,43,0.7745901807515658) 
(14,30,0.9250933798255121) (46,33,0.8248343895562664) (7,57,0.8411810619948903) (32,44,0.8267350290543705) (7,8,0.7587808623869245) (27,13,0.9146399196834032) (43,18,0.8798185343473285) (51,41,0.942047454120353) (50,45,0.8210412783380836) (58,20,0.8257845105879009) 
(35,7,0.9147591051673941) (59,11,0.8957288614524884) (46,3,0.9169742396577287) (41,37,0.9303584141082983) (46,35,0.7618657297268926) (53,7,0.8417886934343798) (1,26,0.8843591544125108) (21,31,0.8128250944815715) (36,32,0.8082578773507104) (26,22,0.8128975044825486) 
(1,57,0.8809674149490352) (30,16,0.827472939861613) (16,23,0.8534965192622248) (31,26,0.7989678975117442) (22,14,0.8250696924188742) (8,52,0.8305327138976892) (27,16,0.8488973036128399) (14,37,0.8400790575153643) (47,19,0.8715855500983394) (37,36,0.9153918873930225) 
(3,52,0.8669846661946713) (8,32,0.8961270772914844) (4,10,0.8254045708436414) (50,46,0.8891564368527812) (28,23,0.8084622892329776) (35,5,0.7622956141476736) (20,2,0.9363866294044136) (4,23,0.8762327629542231) (42,19,0.8736226162636487) (50,27,0.8711365486565953) 
(56,47,0.7719833703474362) (19,3,0.7742787146279508) (39,23,0.8781680779808656) (36,54,0.8825661164307952) (2,58,0.8852036503950583) (20,4,0.8520149435120666) (57,30,0.8500983786072601) (9,0,0.8745036149914079) (12,32,0.7823181754996641) (5,9,0.8086183505463841) 
(21,58,0.7643594360068904) (25,50,0.9102232612768185) (17,52,0.8870530656864548) (42,51,0.9111223499054252) (28,26,0.771709370552454) (27,26,0.8291138075652558) (54,38,0.9404223852238962) (50,41,0.794110354084247) (59,51,0.7529060567169986) (25,34,0.9442003929001965) 
(49,48,0.8968262097522707) (24,33,0.8274800461567616) (9,27,0.9356946410991727) (10,2,0.9168079744230871) (42,52,0.9304331216075143) (19,26,0.9282585316087117) (31,57,0.8062141423234024) (47,26,0.9424853235895752) (42,2,0.9411996203374774) (27,55,0.879056933308018) 
(52,29,0.7633487464169609) (37,48,0.8662486073178477) (40,21,0.9291361141824702) (26,24,0.8993617422285123) (50,38,0.841538759427918) (43,16,0.8401083151455209) (51,32,0.9282068622738072) (37,24,0.778682836699194) (19,55,0.8172674247365713) (21,6,0.8843978997535733) 
(39,57,0.7950059854110945) (40,46,0.8721154199669141) (37,25,0.8178573354907854) (36,44,0.824437227252815) (25,12,0.7655684501797946) (49,46,0.8589176723618067) (57,59,0.8350447415285879) (0,46,0.8883246340934361) (38,44,0.8312830814696691) (20,25,0.889349249267612) 
(18,31,0.7611631757124679) (16,0,0.7633377713999462) (27,30,0.9014352289521421) (20,40,0.8106181272922732) (7,5,0.8642751224544793) (10,46,0.779809421105772) (23,25,0.9066152336387877) (51,19,0.8287068128299361) (6,36,0.8924718617732169) (8,23,0.9056950116297707) 
(21,56,0.9474918262451294) (54,52,0.7577098767841912) (9,41,0.9346510696578569) (49,52,0.8051287134620704) (39,40,0.8659519227144398) (45,32,0.9473599282225247) (4,1,0.9221882515984883) (0,46,0.8833675859344342) (13,34,0.7986974404169276) (11,2,0.7667683047608906) 
(30,42,0.803192528803349) (2,14,0.7730170449853925) (32,23,0.8536145368091599) (26,54,0.8727949987470005) (51,47,0.9189334039748478) (36,52,0.8742047326736198) (48,31,0.8978428030907402) (9,19,0.8970628175795836) (55,9,0.7833980926102434) (3,58,0.8470505720682645) 
(32,34,0.7681381296329767) (21,37,0.7653276835141478) (2,53,0.7569997963730938) (4,21,0.9017803217229315) (4,49,0.8398069400366441) (39,47,0.8033722090950044) (45,20,0.8655971376241758) (27,14,0.7673548181449227) (30,16,0.7969672429399398) (14,41,0.9438987506812838) 
(4,15,0.9076430771106869) (30,43,0.9121562559574462) (52,45,0.786052132573228) (30,2,0.9133772078071904) (43,49,0.7992297938840833) (28,7,0.9346604893821715) (57,49,0.8068331837516232) (26,21,0.8181757740085245) (12,41,0.8724621045468538) (12,52,0.8315861972476752) 
(25,17,0.7635096061881936) (1,3,0.8965876223218388) (50,3,0.8891587657751221) (36,45,0.900303436065331) (35,2,0.7879550597725572) (29,23,0.8413716153798113) (57,20,0.8003697150506269) (3,54,0.7711532258196749) (45,57,0.825618983195542) (11,59,0.8381045115159682) 
(50,23,0.7915599380286109) (46,10,0.8573112683680001) (54,3,0.9491321413967826) (19,30,0.870629604136884) (51,12,0.8898209315977773) (28,5,0.786684711643207) (12,7,0.9156870562245758) (26,55,0.9379512155592971) (16,47,0.7545656731478614) (35,46,0.7774521704279753) 
(44,48,0.7627260232075097) (59,25,0.8143216409195748) (8,22,0.790413449379803) (3,22,0.8580339121183699) (17,48,0.8975264311518714) (50,27,0.8689594078005716) (22,27,0.826382969443893) (25,22,0.7877368446827944) (34,24,0.8719615528014342) (32,13,0.8483659072224526) 
(41,17,0.7991944258315884) (26,35,0.9047605008240707) (48,1,0.7780623743605043) (19,29,0.8189085414901593) (34,40,0.76495486674865) (31,47,0.8098651921756663) (41,51,0.8357603492006682) (55,26,0.8669825807049981) (25,54,0.8131292259253721) (21,40,0.8305804381480406) 
(3,54,0.8276235847031335) (23,29,0.8161341137445179) (1,30,0.8035265122112271) (33,56,0.94382214663922) (28,3,0.8889394140368309) (14,32,0.7951675143819363) (55,11,0.8364459769175507) (8,7,0.8123490038253462) (38,13,0.8910089983368736) (1,39,0.8940763952866303) 
(51,18,0.8135527505551687) (52,17,0.9033463948415836) (22,49,0.7759532355484348) (24,30,0.9327627300432003) (44,23,0.817804937928451) (8,16,0.8817862503116205) (15,2,0.8900727602932744) (50,33,0.9072213452151734) (2,6,0.8835132602961191) (42,38,0.7658291235654671) 
(53,36,0.9053837147199912) (46,43,0.834996314294103) (16,9,0.7547950193763432) (0,52,0.85949159272036) (44,9,0.8879308860851596) (48,18,0.7602261450540352) (40,32,0.7682347632602451) (4,32,0.8447540025787654) (13,31,0.7781428945501456) (13,0,0.8241057209591339) 
(40,19,0.9281106717189518) (32,3,0.7546687502969275) (2,26,0.8023387864476113) (35,12,0.7635015025728382) (14,10,0.8944242693302915) (31,8,0.8463547010498398) (10,54,0.8313847263664136) (5,3,0.8515358911549809) (57,8,0.8009078378835652) (43,56,0.8008080353647502) 
(56,25,0.8551353720304168) (51,42,0.9361642496317774) (56,0,0.8312715405649009) (56,44,0.9245225924358476) (4,1,0.9134938306124186) (21,0,0.8800540522815379) (7,50,0.7857998421491676) (13,5,0.786345492762974) (1,19,0.855106232956391) (41,52,0.9269009679177026) 
(47,24,0.8314589755659914) (33,59,0.805625132662595) (24,12,0.7921628002737963) (1,44,0.8780956033828602) (20,14,0.8349590873656401) (31,15,0.9439198618399806) (2,37,0.9244436007605104) (34,10,0.8777232261322078) (13,9,0.8669605433045275) (8,55,0.9126575564569979) 
(21,5,0.9315622585257786) (1,40,0.8209936712832354) (9,11,0.9397306750514403) (56,18,0.9377283740181583) (9,34,0.8924984375453191) (7,4,0.9374664064559985) (22,34,0.8514594052146714) (5,53,0.7680542257396463) (43,44,0.9125906616094748) (42,10,0.9258996091307599) 
(25,9,0.8401867914247446) (19,23,0.9236604696700398) (20,56,0.9441522062530414) (18,50,0.8892803464786023) (3,11,0.8564608701421048) (10,51,0.8102096238789479) (14,34,0.8368928603680381) (7,26,0.8400179537303749) (44,45,0.9261469640919926) (28,1,0.8462792604498844) 
(1,46,0.8134932373427518) (31,6,0.9356718282679444) (59,27,0.8047626991031714) (23,33,0.9086935987438304) (6,3,0.7774053448436206) (3,37,0.9305465255164447) (19,1,0.7826166193318389) (16,43,0.8596762130022139) (7,8,0.7638002305273425) (44,38,0.7721461145333474) 
(19,5,0.8075676024127473) (41,58,0.9236454395718545) (45,50,0.931658005206118) (34,30,0.8890385122256104) (12,43,0.7693734847158167) (19,48,0.7713493939051247) (59,48,0.8018886163217411) (55,2,0.7548581558529736) (21,30,0.8848136749143933) (10,47,0.85697968510749) 
(23,2,0.9471200848280028) (10,26,0.9103549475228314) (40,19,0.7666332892347741) (17,35,0.9344987652921279) (23,24,0.9159328310179508) (46,21,0.7941338144930827) (11,8,0.9054016295534876) (36,52,0.8679214855026928) (20,18,0.8662213494150585) (0,35,0.7776735181963538) 
(55,17,0.8865350415232922) (24,55,0.8264151656221198) (47,31,0.911451680003941) (38,44,0.7643948163699348) (15,43,0.7504869187821805) (13,7,0.8224283203851865) (40,35,0.8896520695409624) (17,44,0.7853612607193883) (17,27,0.7834211606661292) (58,47,0.8508382485086288) 
(13,0,0.7823247054493774) (53,9,0.9340090781796677) (9,54,0.8437982153751962) (9,37,0.8470155316555016) (5,6,0.7888828945552904) (57,35,0.8356657089756939) (42,29,0.8409955305897265) (5,17,0.9365333827905697) (29,41,0.8050713410668195) (3,59,0.8524163615995143) 
(36,13,0.9318741053995436) (46,39,0.8285053872979551) (7,24,0.8654377563999724) (46,51,0.7790071383551608) (32,41,0.9250543600320802) (10,39,0.8795051201140577) (51,8,0.7981461247579245) (44,38,0.9270461964616493) (35,33,0.7786706703752387) (32,18,0.945262833850409) 
(29,25,0.7801244083464614) (46,2,0.8453552023277133) (14,47,0.822944125947912) (40,11,0.7656733063700567) (29,51,0.9416747326268202) (15,44,0.7848916016604479) (52,28,0.940436976655617) (2,48,0.8495042999506636) (35,59,0.87670247864601) (18,7,0.892714559684799) 
(30,3,0.7860829273757076) (34,42,0.9218193155506135) (40,26,0.8298476194188633) (5,11,0.8955812221532042) (13,24,0.8228790779721581) (23,25,0.9019746476991993) (58,16,0.7941183254436651) (40,10,0.885482915710567) (15,57,0.9328034879004189) (50,34,0.8051513612047592) 
(47,24,0.7819431618892952) (25,57,0.8775021316807168) (22,48,0.9082179942675105) (34,49,0.9014433079229831) (23,43,0.7707962621661492) (38,36,0.7685529286871617) (9,39,0.8521086416741811) (3,42,0.7744214958486887) (57,17,0.8413787629243523) (53,57,0.763981728890388) 
(12,16,0.7581339996582569) (31,19,0.7662452644830562) (32,53,0.8853812086359043) (5,11,0.8812219741519254) (1,51,0.9139829526316672) (45,34,0.7965348398031181) (25,7,0.7761226331847568) (11,19,0.7667692717896893) (16,38,0.8272843806079715) (15,8,0.8709802217933439) 
(30,56,0.8971855036914143) (38,45,0.8493759153309215) (54,33,0.8597880945834074) (59,55,0.8418071903511298) (59,37,0.8184922825518179) (4,58,0.8205658908969296) (13,7,0.7831935646609057) (49,51,0.8937273929011628) (9,26,0.8594047332213872) (18,2,0.7997395418835493) 
(13,46,0.8038811225904363) (52,49,0.9499442720675613) (1,16,0.9195699575491868) (4,19,0.8013103761553917) (35,36,0.7693863200085838) (39,33,0.7994856105536952) (50,6,0.9452413750280277) (35,8,0.8930916401770091) (44,50,0.7518511235828073) (54,20,0.837960889678342) 
(34,50,0.8879270283147351) (11,43,0.9115692005082178) (29,34,0.8492146936782994) (48,20,0.906345659142572) (16,2,0.8600249367285622) (31,14,0.8640257923468889) (58,34,0.9105553282868911) (17,6,0.8866358750914859) (37,18,0.9254343617782355) (52,24,0.8668265566315039) 
(15,23,0.7982890922707946) (23,10,0.9234847793426766) (24,32,0.9227129741595099) (10,15,0.7775948917612421) (28,4,0.8832912495010047) (20,15,0.9248316468863051) (31,46,0.7546078693661281) (31,38,0.8407756044887759) (31,43,0.8394287557211132) (8,35,0.8209185344923888) 
(34,17,0.7627907168570905) (27,12,0.8649489122271591) (45,50,0.8948114836696153) (14,16,0.7962293322954697) (50,28,0.9492449101750411) (1,54,0.9472911575520842) (31,4,0.8951668426460623) (19,43,0.8444747709936886) (47,55,0.8059293489150381) (49,47,0.8047712908593458) 
(38,33,0.8678039728548378) (52,57,0.9250364451206673) (21,52,0.7629596444667198) (49,47,0.7933546875892054) (20,3,0.8734644548697463) (27,16,0.7567833026200994) (15,27,0.9162788528828997) (39,37,0.8344999992942158) (55,19,0.8033616449254769) (4,30,0.8755385398643953) 
(44,12,0.9131403760305103) (5,30,0.8652321622162924) (15,13,0.7583498911069704) (23,1,0.8231785103900102) (9,32,0.8222822424823774) (51,45,0.8520735681222711) (21,50,0.8478491742107187) (18,54,0.8171299053989944) (1,51,0.8956773323077452) (17,49,0.7992259710134111) 
(42,28,0.9319555083634646) (28,40,0.8850450872796388) (55,44,0.7976190945887303) (32,27,0.8982719215447403) (44,42,0.7562492919324728) (31,50,0.7881863166836938) (23,50,0.8937816995410373) (31,47,0.884846534824834) (31,21,0.7918075285370567) (11,20,0.8371312054282594) 
(6,8,0.931059348759848) (5,31,0.9269819531904637) (5,16,0.9327985709681562) (55,27,0.9452278826931786) (14,44,0.7542225662503599) (19,56,0.9387104688809162) (38,19,0.770753870704734) (14,24,0.947585636461629) (26,58,0.8111417156933577) (39,40,0.8658181239287346) 
(33,48,0.7647547834810178) (58,51,0.880175862978982) (18,20,0.9221982730112661) (19,35,0.9040696636321179) (36,6,0.8086922015075622) (47,4,0.8525742546009937) (15,2,0.8637278328011916) (16,17,0.7925067925534903) (49,29,0.8125679200816394) (7,10,0.9268738989440154) 
(35,34,0.7577304299877011) (19,11,0.9248600737331791) (44,6,0.8895521761011727) (0,34,0.9316119582033311) (42,55,0.8585355649089538) (44,36,0.8002489820807381) (35,28,0.7740354871239697) (44,20,0.8486767323103751) (27,12,0.8332408493533494) (23,7,0.8857984388459483) 
(47,36,0.938435094204734) (14,13,0.8570198042118867) (34,16,0.838623644438286) (38,41,0.9335422196343972) (30,9,0.9221836147089594) (11,4,0.8635468535102212) (2,33,0.8745444977835684) (22,25,0.8447561690820433) (48,36,0.8214838056894574) (58,2,0.8369600492853431) 
(2,15,0.8492782947722076) (22,24,0.9322311609936812) (8,48,0.8290666694614548) (7,20,0.8480368594523349) (5,18,0.7746367835532795) (59,45,0.781246600264708) (45,51,0.807679948670617) (40,56,0.8631756120528237) (33,52,0.7555265558838415) (47,9,0.8685202030031762) 
(27,31,0.928534005744765) (54,5,0.7997361768868942) (26,10,0.9357033737432533) (8,1,0.7725990014204319) (52,57,0.7993560191048947) (46,5,0.8267491140401011) (39,46,0.8587574587329513) (4,50,0.8165045417861323) (12,16,0.8299933027690786) (21,57,0.9103162483211142) 
(25,50,0.7506208992394015) (48,47,0.7936649670064941) (8,3,0.9430565916400484) (7,41,0.8475089403292846) (10,3,0.7540118602036489) (49,52,0.8033073024642046) (2,48,0.8258671075355046) (9,8,0.9408712044060374) (32,5,0.7935278406665022) (35,9,0.9496725901243153) 
(55,36,0.8331872137743174) (19,40,0.8793156350211648) (41,27,0.9203042888678544) (50,11,0.8143721496069101) (8,48,0.7960765705732467) (10,28,0.8794368594359627) (40,16,0.8045501726727671) (21,0,0.8995092590716887) (8,23,0.924059757532893) (20,36,0.8394946670345075) 
(48,28,0.8861065652070186) (57,39,0.8209882383221444) (9,10,0.7866831700147326) (47,0,0.8258042432714051) (14,38,0.9008449610984859) (22,3,0.7961604428852125) (38,32,0.7985551527999292) (24,36,0.9397468407415708) (14,43,0.8226496542641859) (40,50,0.8056470294696911) 
(26,44,0.9256377500925443) (4,46,0.833580703198065) (6,34,0.8429875068309756) (57,55,0.9363700237109902) (36,8,0.7767745151269675) (9,56,0.9481990882013605) (19,48,0.9159578387350977) (14,48,0.9304165091237278) (39,15,0.8114893740392202) (56,11,0.9427817667687055) 
(38,10,0.8815985386803992) (22,6,0.8673675507420752) (20,35,0.8214339434556751) (12,19,0.9200936682671828) (30,1,0.8967409188279359) (9,53,0.8645410381186933) (34,26,0.9350637700121571) (27,40,0.9219775446895428) (42,57,0.8176827282433785) (36,17,0.8540898749249185) 
(0,48,0.8442167367471423) (53,9,0.93976612615272) (21,19,0.7597611402263474) (36,8,0.853691390480977) (34,58,0.8993882175951223) (11,36,0.8258618921531152) (49,0,0.8383693315044465) (27,52,0.8128340871373186) (51,16,0.8429394136022937) (26,13,0.8103070814005169) 
(53,46,0.845113581183323) (52,14,0.818924951048022) (1,11,0.766117618380879) (26,33,0.8633353632523401) (26,10,0.8928166482104996) (2,41,0.9110083981616541) (2,8,0.9236639315813234) (55,26,0.7851486736834007) (14,10,0.8412092382035472) (56,57,0.8806576410575992) 
(24,8,0.9421667086711456) (48,2,0.8179028941136549) (48,51,0.7653405257930237) (37,50,0.7595464668821078) (55,49,0.8004729081048965) (26,2,0.8752076389030214) (12,41,0.8515066349244075) (19,47,0.8834305272555427) (42,10,0.7893493088994159) (49,57,0.8166853896126509) 
(49,13,0.7571320901914002) (3,33,0.7904979923990323) (33,38,0.8945896422085937) (32,3,0.9427268239539704) (6,3,0.8607503386904506) (43,49,0.9297744331191451) (30,7,0.8993480896596683) (48,22,0.9180903265964522) (20,16,0.9020850729328062) (32,9,0.809963966312656) 
(55,47,0.8918287399230013) (25,4,0.8681440117333363) (26,51,0.840740837952261) (52,53,0.9287791387803126) (49,56,0.8551552341308972) (2,6,0.852264133743922) (40,18,0.8177752756047789) (1,35,0.7800989791265195) (17,42,0.8410874183246894) (29,24,0.7548568919860239) 