(54,39,0.8113617058907912) (73,94,0.8419835249983102) (24,73,0.755629145752871) (95,16,0.9130362454498729) (99,90,0.8659865300783651) (27,76,0.9152521010819868) (0,80,0.8736238650595533) (4,24,0.776970244858729) (41,77,0.8851694246879571) (19,82,0.8313764247663323) (91,25,0.7900616081449969) (30,50,0.8822932668130381) (88,95,0.8840772461235414) (76,2,0.9308364787861336) (79,34,0.7603190745995819) (20,58,0.808029060958152) (4,3,0.8118236606373692) (66,28,0.8458570196629572) (14,43,0.7738202331762772) (40,1,0.9311969810220175) 
(81,93,0.8456068128393329) (49,83,0.7714831070835564) (20,69,0.8136004542611838) (28,95,0.8391132439948737) (95,4,0.7562149194047146) (51,92,0.7682054452895087) (48,34,0.9260228090979497) (44,10,0.8026429402630286) (26,93,0.8710197513185962) (93,83,0.8712645475873398) (49,81,0.7693369487001761) (85,8,0.8856865760179844) (44,96,0.8525141131228935) (2,77,0.7625027861928845) (38,61,0.8671902394388763) (13,30,0.7512272523017922) (91,95,0.7747822719066664) (11,75,0.7707519464280786) (50,52,0.8134417277460049) (97,45,0.7775341937689155) 
(4,16,0.7632567096337275) (88,65,0.867016310061281) (88,83,0.9098112190167609) (77,23,0.8428095796476561) (43,83,0.8832038172703945) (49,25,0.8833127882800298) (75,68,0.8114260190501067) (23,96,0.8906310845559567) (47,58,0.8972047396030189) (49,39,0.8477456682242618) (57,17,0.8754834391962589) (85,76,0.9225933093978509) (36,68,0.8074231875708313) (94,27,0.7848561629507034) (2,39,0.8842056955043578) (95,22,0.9028587008484061) (48,49,0.7773426959548949) (88,22,0.8654850321933867) (91,50,0.8779417768231677) (68,32,0.9372134028880365) 
(65,95,0.7665379794500742) (21,96,0.939769977257978) (82,60,0.8952453362281875) (13,64,0.7886159134521035) (79,99,0.9279219948197389) (84,74,0.8907940816252722) (18,28,0.8792280348492112) (15,93,0.8064992598606331) (43,94,0.7937421568537035) (78,47,0.8804764893535117) (68,71,0.7571696725744819) (85,74,0.8629276774608704) (1,95,0.8302956446336669) (29,95,0.869871858481114) (58,75,0.7909974618420543) (44,84,0.9311291592808618) (50,29,0.8113374768618336) (30,49,0.7904712715907947) (82,76,0.9481092488788898) (12,28,0.7778369703938328) 
(93,78,0.9418878341419404) (67,60,0.9011621836506747) (93,19,0.8563654876025278) (62,78,0.7933727477908439) (5,57,0.8675124028289201) (22,50,0.8354909123089012) (99,78,0.7940433727687044) (73,91,0.8441355857230268) (16,24,0.8083591042838139) (5,39,0.7790506702826729) (60,80,0.8729952977305895) (31,77,0.8662286660567184) (57,16,0.7886133810596637) (74,29,0.7901545281570637) (54,23,0.7616641243140154) (56,14,0.796629485419618) (94,35,0.8577089084133656) (94,28,0.8475510837516367) (59,25,0.8482038677689229) (96,29,0.8343421903482363) 
(73,71,0.8873091613339988) (74,77,0.8547988372194136) (98,28,0.9259775168876806) (78,51,0.7746007673268976) (26,39,0.8286753078184561) (24,10,0.9394265389908429) (99,2,0.8269208858557223) (72,55,0.8891888089306587) (41,59,0.9140306243560989) (64,29,0.7728279192672947) (96,0,0.7767403896723949) (70,16,0.8782143610370053) (91,79,0.8967079836642946) (9,85,0.855691889198984) (64,11,0.9403155115818775) (96,65,0.8673663039504331) (0,85,0.9480824297487994) (43,86,0.846173520468133) (56,77,0.8636323812879867) (76,74,0.8158821972652582) 
(86,15,0.9063616899514095) (7,95,0.813623869232693) (12,64,0.9243657481426198) (68,7,0.8753038492092025) (58,19,0.8986535357748261) (79,37,0.8191155626514413) (70,76,0.7614814920915252) (3,24,0.8789166611341678) (1,58,0.87703041670197) (41,27,0.8488399919060167) (19,24,0.8548823597862317) (23,25,0.8890168521972834) (15,47,0.7777946506439887) (22,73,0.7576775976363147) (31,26,0.9289140664177534) (26,77,0.8177471222138829) (55,31,0.7506988485502887) (39,46,0.8807499054722842) (11,66,0.7926963808692745) (75,66,0.8533219914421449) 
(68,87,0.7881530416604062) (94,18,0.8212168612398142) (48,84,0.84206363572851) (53,92,0.7528611258507099) (59,78,0.8464818637929539) (7,26,0.7955393950993149) (55,91,0.8475666132915423) (3,61,0.9254019682689992) (19,23,0.780891823828869) (39,18,0.7974231181046525) (95,48,0.9463416274146252) (87,82,0.90163889296907) (31,63,0.8788583108749805) (51,40,0.8818155699338908) (92,74,0.8687106708570664) (39,62,0.8187677688582377) (1,81,0.887694524900753) (95,61,0.8436278379273628) (7,73,0.8779646725225112) (8,13,0.9403885553870912) 
(77,17,0.8334868644231602) (88,62,0.8944935641718034) (35,82,0.8468604185654199) (43,74,0.8063440581315876) (23,28,0.947928987075662) (99,10,0.8213245964980487) (7,30,0.889622885871514) (10,24,0.8742191375589526) (62,97,0.8658104423581289) (18,22,0.7863714438744276) (40,22,0.8442604951705202) (34,30,0.9003248353537088) (32,3,0.8789227579575839) (43,46,0.7670354193277584) (60,57,0.9134675469152643) (86,10,0.8242944978316374) (21,60,0.7848619390618149) (5,40,0.885561306772599) (41,18,0.7789802340514084) (37,25,0.8632231562957887) 
(53,93,0.8707388020403568) (45,90,0.771566760220046) (40,92,0.7905011402766645) (58,1,0.8857472839558793) (99,86,0.7539008899847786) (53,70,0.9170259249277073) (76,98,0.8561969620530091) (7,81,0.9142924539896038) (70,7,0.8922554520789087) (94,68,0.8696042865567235) (90,34,0.7910745395575645) (62,26,0.8809441639323072) (24,82,0.7717113320122186) (16,38,0.7750339068793624) (48,24,0.7671506343345234) (61,73,0.8944718199508468) (75,46,0.8843616168540053) (83,87,0.7570047058575282) (3,81,0.8211657004547847) (45,91,0.8200520774588422) 
(94,46,0.8167319707713443) (31,35,0.7664528707165225) (22,4,0.7781703810182061) (3,62,0.7683310422271817) (58,4,0.8485449053699069) (19,87,0.7901413410242124) (11,75,0.9137704532891405) (56,43,0.8928106572344898) (32,43,0.8059163166541499) (56,1,0.9093239843351911) (13,23,0.8995946526746624) (71,8,0.7720203792654979) (80,64,0.8115354322311747) (61,73,0.7876474671104332) (81,28,0.9070294141412423) (82,52,0.9379937286934064) (23,65,0.9049048160376727) (43,26,0.9270182830665669) (54,52,0.9225289193414012) (57,30,0.8918298985749089) 
(40,92,0.8081291543900808) (83,95,0.7917411212369488) (76,98,0.8217133235606259) (39,62,0.9161175060281009) (26,5,0.8200079808522519) (56,61,0.8114587217518467) (21,10,0.8940972026577296) (54,12,0.8709419002763388) (91,28,0.9470240298153241) (47,94,0.838977102375583) (60,45,0.7603581706254539) (67,20,0.8805346122019119) (66,86,0.8456912776355275) (42,73,0.9009740724458929) (30,94,0.9070494240909213) (52,55,0.8177857679213708) (1,43,0.7545794795652102) (38,66,0.7717944704415786) (21,31,0.8461246213603698) (35,14,0.9233432296873161) 
(7,12,0.8297397767199368) (76,93,0.917736418050572) (14,26,0.8886702827388739) (84,38,0.8425430740490835) (5,22,0.897867259203324) (4,84,0.9139952484981562) (28,96,0.8314915808460727) (57,97,0.9232575975437621) (48,10,0.8633408580966493) (30,95,0.8027665693795074) (85,98,0.8229671382467374) (21,62,0.9345683493430565) (98,92,0.7887073696972914) (85,20,0.8667548855709385) (13,22,0.7764813792161585) (37,2,0.8862675939892544) (74,48,0.7770977569232315) (53,0,0.8364300060597318) (15,46,0.7968207593160035) (8,24,0.7504936095623665) 
(4,6,0.8328859253015353) (93,43,0.8743706013870741) (9,62,0.8793650602911147) (4,35,0.9170957402063192) (67,36,0.8995777327929984) (85,77,0.8797197990981687) (67,44,0.8988232264813711) (59,68,0.88027702739284) (34,65,0.8709806006549305) (7,26,0.9434442868122299) (12,10,0.9002837362583002) (27,73,0.8635674980247797) (21,94,0.799208433533136) (22,11,0.9137114548600882) (49,51,0.7781559866949694) (11,48,0.7723290571952204) (57,97,0.805097832535675) (31,60,0.91131258928693) (78,7,0.7833879262137698) (17,52,0.9285414630152595) 
(71,18,0.8638642847772341) (51,7,0.7844935735420719) (1,64,0.7581180140210259) (66,18,0.7857240855868328) (65,55,0.945371236773967) (81,37,0.919843953040714) (62,19,0.7840739505097222) (65,63,0.8357361916512615) (53,34,0.8109767351978413) (60,24,0.7933767413637999) (89,39,0.7506098727638445) (84,71,0.881860834660482) (78,6,0.7563952063228686) (34,50,0.9438044801560891) (59,98,0.7688120465477015) (43,88,0.9238941744417162) (15,28,0.9498106549803584) (30,82,0.8143842140333822) (87,53,0.7647080277532312) (61,78,0.8460296663961385) 
(42,10,0.7912447123515565) (94,68,0.8996996619627855) (87,61,0.8658045981948137) (86,0,0.9046535802139637) (79,8,0.8280292195815342) (8,57,0.8379796962450519) (9,36,0.907769802957426) (51,59,0.8776957921981918) (20,73,0.8228067176314824) (18,32,0.8193411733561764) (52,69,0.8149541766540422) (11,88,0.8070752804297757) (85,53,0.8056585761141384) (78,29,0.9127592068568101) (66,4,0.9433743305311594) (69,81,0.8344617959202412) (67,28,0.8076070213615627) (28,66,0.9466029446246355) (29,34,0.9358666586463582) (99,19,0.7865035603715784) 
(48,13,0.949652564596686) (36,88,0.7795497503220092) (57,30,0.9302721500856874) (89,19,0.8958487643130423) (49,40,0.8809211005075192) (59,64,0.8009751440425342) (26,50,0.8601946371251056) (81,4,0.7832080938268225) (57,31,0.8608893416191449) (12,13,0.832672698160406) (79,49,0.8871172752525625) (9,11,0.9492763977657861) (42,71,0.7620860037332681) (72,7,0.9242963036769438) (77,48,0.8040243745809118) (86,57,0.7844738472415682) (80,12,0.8132609663952779) (86,30,0.8964829334056147) (18,28,0.7817397924369601) (14,66,0.849275121788502) 
(42,71,0.8900447077509366) (24,72,0.9497314617385211) (48,22,0.848162659030499) (65,5,0.8384152476590805) (90,86,0.9032133759874084) (45,16,0.8159748703812032) (43,70,0.9296864787160484) (92,86,0.9253784510831935) (10,21,0.8472662816385814) (56,15,0.8764536725251268) (55,84,0.8749390768384964) (68,11,0.8743249660834611) (43,66,0.7839368058268416) (27,63,0.7985637373759078) (35,94,0.7724977810624972) (78,3,0.8254127933170887) (87,22,0.9040697101499697) (64,69,0.8620941806447373) (50,35,0.7864094588779872) (11,59,0.7776994891112164) 
(62,96,0.88891597714156) (45,86,0.9429883516233468) (90,93,0.8099073091103904) (24,72,0.7691511148574763) (90,65,0.7714421868403412) (33,72,0.8507764177143463) (8,40,0.7854319339665399) (47,22,0.7999213270175071) (10,24,0.8233825100313957) (73,76,0.8413323835762563) (98,99,0.7830278036403792) (96,99,0.9369915080032795) (40,2,0.7888292113459581) (59,94,0.8841775578916703) (41,89,0.8472087725612647) (56,70,0.8165955619475227) (71,86,0.7577672431685424) (79,63,0.836243071934645) (69,25,0.786533566061025) (80,92,0.8676825516219748) 
(0,73,0.9401558457834749) (38,20,0.9257813889500557) (46,3,0.9495951352839052) (83,1,0.7781478985147804) (98,69,0.9294010261781527) (51,67,0.9362578229699633) (33,51,0.8348898766721718) (88,47,0.8933530812613886) (25,26,0.9484808628332733) (51,98,0.9439499888810903) (7,18,0.8596621303005568) (54,23,0.9292730798258675) (72,62,0.7627781973915997) (76,96,0.8647553605842401) (2,93,0.7520976960073071) (52,3,0.9028333745496318) (34,15,0.7888832984723028) (70,37,0.8342443240545397) (18,75,0.9357868677020369) (33,32,0.7726103078684442) 
(4,46,0.8886817748162423) (74,61,0.8332732939384311) (69,8,0.76982799120011) (41,77,0.822594657379232) (96,15,0.8768928237979369) (70,73,0.8535499130849741) (34,3,0.7808254631576481) (2,75,0.7815937284549659) (35,17,0.7878845029852379) (72,67,0.7902650777690912) (33,39,0.9262832575560371) (68,2,0.9362028603226642) (77,52,0.8218267745608323) (29,31,0.8186553965828774) (11,91,0.8686212000399337) (56,57,0.8495657954546612) (54,83,0.8499508885679055) (59,91,0.9474523632346845) (48,4,0.7547923568286037) (97,31,0.7549929622622312) 
(90,76,0.7511569531649752) (40,49,0.7556470773918055) (68,50,0.9143787227819021) (23,22,0.8854973357408903) (43,21,0.8248904766888604) (54,9,0.8284028161891607) (12,81,0.7588877265887862) (81,29,0.7924470494562479) (95,8,0.9471245652834871) (79,97,0.8842274145780543) (84,1,0.8449665141872337) (91,45,0.9219906075195324) (77,71,0.9409098776713748) (76,98,0.7982451511034984) (21,22,0.8675757118503136) (93,83,0.7784410606278587) (61,89,0.7689685765957122) (99,5,0.7549434172002639) (43,84,0.8122828515308324) (28,64,0.8118075343506694) 
(38,9,0.8105447563976322) (60,99,0.7883685563733761) (8,66,0.8825604652518181) (25,10,0.7909066993512639) (63,4,0.8797289337955986) (30,60,0.8545907932021561) (14,45,0.9064096096379595) (53,84,0.7517673998443913) (25,42,0.7889555127599236) (74,56,0.9002087951252499) (89,49,0.8504096570362936) (70,9,0.9377950744593433) (94,44,0.8843347108350426) (51,88,0.9111562557857216) (4,23,0.8183400230182306) (26,81,0.9041287897698743) (93,43,0.8547769897963572) (75,47,0.8222421093153368) (92,18,0.7698793379799724) (12,6,0.8580101576989778) 
(6,19,0.8074023679018996) (95,21,0.9002282315673193) (3,72,0.8670874100677295) (84,37,0.8206116726210554) (3,32,0.8186002740662901) (50,42,0.9187378160164104) (86,71,0.8473424238250475) (84,82,0.7572394811787918) (25,1,0.8212458257181678) (66,30,0.8778133993619126) (54,99,0.8407587881917368) (28,74,0.9217110337992753) (2,28,0.7583770625438226) (95,34,0.9359848507819627) (81,64,0.8110806365138901) (42,0,0.9352431634305216) (78,70,0.8585885686090708) (17,25,0.9432083431123743) (52,51,0.7994477050037294) (43,59,0.8443426937810431) 
(9,91,0.7957903841320799) (66,19,0.7558061257056666) (79,24,0.8668816213252527) (40,83,0.9100481330219735) (62,85,0.9153000971754487) (61,55,0.9473699590710424) (36,8,0.9279012948054877) (9,11,0.8168255459889564) (31,6,0.945061528165956) (62,55,0.9077777945682729) (59,79,0.8864558318059137) (58,72,0.8930834660722365) (83,44,0.8569740363715536) (97,18,0.7947878948854974) (35,90,0.8199985806275718) (21,47,0.917240993151729) (68,69,0.9025682963572546) (13,93,0.7827068988942012) (1,41,0.9286144186729726) (71,78,0.8375012882731352) 
(67,91,0.8052082010435202) (67,90,0.9309837975320917) (43,74,0.8429779694829164) (8,59,0.8403086829883227) (78,72,0.9320369929145194) (60,9,0.929875212754683) (35,46,0.9347581714464468) (29,23,0.8993087736930488) (23,95,0.7859817756716138) (87,35,0.7842999671232023) (9,54,0.9271199417875613) (87,22,0.8761738458314368) (0,21,0.8054052393068585) (82,96,0.7614801037060361) (44,68,0.9269190292629665) (5,53,0.7533353366435718) (80,57,0.8580158302149561) (83,1,0.7508820123886754) (43,54,0.9081137475671133) (12,23,0.9425127706696599) 
(53,56,0.9053687788382996) (71,51,0.9150393869501366) (68,13,0.8295280479394576) (13,17,0.8920750972006222) (4,20,0.9390766704113742) (5,15,0.9382746379649903) (72,56,0.7599228011928761) (15,48,0.8902307626315702) (70,28,0.8245971592324797) (86,66,0.8804907782124187) (59,22,0.7955936557335704) (73,70,0.7790917048758897) (20,65,0.8475497390545323) (90,2,0.7993854552272458) (13,31,0.8307165845409468) (84,17,0.818555194300839) (8,90,0.8594349683307626) (61,50,0.7858572342023661) (18,57,0.9136057982574887) (73,17,0.7724944928910327) 
(77,83,0.9035712650014144) (41,74,0.8562659032727985) (52,40,0.7902132482844136) (78,19,0.7611517519425194) (64,53,0.7637805806175758) (5,48,0.9088712486876085) (60,81,0.8658359404863394) (97,67,0.8318983584817257) (1,11,0.8139490003602985) (42,21,0.7750778039823362) (59,53,0.7776443267752114) (64,84,0.8880055827642952) (40,76,0.9173920169285338) (62,73,0.9041257699504099) (94,4,0.8249256627818987) (55,86,0.8442597694130727) (31,93,0.9307634971833577) (64,8,0.8953418060507472) (52,68,0.897198110922842) (1,25,0.8719972397480392) 
(81,46,0.874306137618371) (40,99,0.7937915390382791) (56,57,0.757432371539218) (52,93,0.8935208259470633) (13,19,0.8198369208731225) (57,98,0.7599231027150511) (99,35,0.8995616349647692) (70,81,0.8880323029437482) (33,60,0.8752624837400325) (54,52,0.8878747810894702) (34,27,0.9005717456160598) (53,87,0.7697177764202944) (3,0,0.7674612311841505) (49,91,0.8957858320031094) (69,94,0.9156183689672595) (75,91,0.8220123443715185) (76,16,0.9085568498927328) (37,44,0.9053869658751031) (18,33,0.8786306363763551) (23,14,0.9052634440493988) 
(0,36,0.771733299585117) (94,56,0.7951859653422659) (59,9,0.9330268008953937) (30,25,0.9160306415629075) (38,3,0.858991100966821) (32,73,0.8124157090027754) (35,72,0.9441433033480028) (68,74,0.9382021787034138) (33,39,0.8597765964756598) (0,78,0.8050748674336454) (1,57,0.7923257359914456) (82,49,0.890966384465273) (94,9,0.7620410234820584) (57,86,0.7647400878223969) (8,29,0.7584131915443715) (37,98,0.8171633350141846) (4,38,0.8650482902679468) (76,95,0.8367879318240212) (9,51,0.9054643299963034) (15,19,0.9375279537890312) 
(12,30,0.9204359749719631) (89,24,0.8395003799595279) (48,1,0.9251839215088489) (54,70,0.9236258545786655) (89,94,0.7762787833861691) (62,53,0.9404044415984109) (70,55,0.9232089646382753) (91,95,0.7706090913378727) (69,49,0.8965711734101237) (87,86,0.9451258973269658) (41,84,0.7669668945594642) (76,84,0.9159808014699881) (39,4,0.826424784901147) (9,19,0.7728293335000196) (99,44,0.8160894545380591) (31,14,0.9342799683632557) (59,96,0.7784827844675476) (94,59,0.83145276288632) (12,5,0.7747315940924597) (99,30,0.9455520811850505) 
(20,46,0.8082843138421354) (81,7,0.9364948058459435) (30,79,0.7955240875866689) (83,45,0.9210515215740804) (22,81,0.7588063070479077) (65,45,0.9423780791730187) (41,24,0.7667829913876247) (25,50,0.8857688925375213) (14,40,0.9155350470366245) (21,46,0.8474913513936443) (52,40,0.9165728187555319) (83,97,0.7501168591153371) (14,7,0.8166487632566268) (33,52,0.9489922117530353) (46,18,0.841208945089513) (12,52,0.7900666789976885) (75,5,0.815079336202422) (72,38,0.9494385865158843) (11,6,0.7563968910161029) (95,14,0.862191925922245) 
(16,73,0.9034679690386237) (75,11,0.7686721082700286) (62,17,0.820649643982301) (49,70,0.8124203215259845) (46,35,0.881573810971161) (55,34,0.8087095072689352) (54,51,0.877275906916468) (47,62,0.8147988404888429) (92,91,0.9451754586005539) (6,3,0.7895343900033208) (47,98,0.8521256662485962) (39,91,0.753326607010577) (69,51,0.8048702997043005) (60,46,0.8574359448987688) (33,42,0.8959478572062884) (17,65,0.7902941315079709) (40,55,0.916682646923332) (85,94,0.7856102272003683) (79,74,0.9455584818987106) (53,39,0.8161779276297388) 
(18,54,0.8687966488018982) (63,29,0.8291923358903938) (16,31,0.7715007567000001) (89,64,0.769118548780352) (22,94,0.864755208431288) (86,39,0.8712500165318782) (15,20,0.8700642743013097) (18,90,0.8512641526047066) (40,89,0.8153590050736492) (30,63,0.7933728846983882) (21,74,0.7583125212754247) (98,25,0.9484369092373127) (16,25,0.8895663928540193) (40,80,0.7873642573970517) (66,7,0.8290614552012063) (94,58,0.8572899791724596) (49,1,0.8765254181366399) (90,70,0.9278572625775873) (10,90,0.8010856784999186) (89,7,0.8008617142290936) 
(31,29,0.8304406633010606) (3,28,0.8344385784245938) (17,39,0.8471415529953775) (26,30,0.838186346966829) (70,13,0.8080340262211156) (4,37,0.8833235163886618) (63,60,0.8703406603541124) (45,78,0.9076691208771103) (96,55,0.9478390564931333) (42,82,0.904690946264334) (30,9,0.7824874717522282) (89,80,0.9227652326286314) (21,74,0.8027547229387957) (71,81,0.8428298253443979) (60,71,0.8707034084703656) (22,16,0.9466695922112855) (42,48,0.9312994836908364) (92,8,0.8204815718528097) (60,53,0.9162374933840762) (25,15,0.7505161624114809) 
(33,83,0.7547639855456318) (9,19,0.7674105622119299) (27,68,0.859418775399307) (30,62,0.8178733471649148) (40,66,0.8871833519362939) (73,67,0.8920259985062275) (28,74,0.8577935442734793) (46,24,0.8821402319042212) (20,93,0.7722790524899842) (57,74,0.7695917367432158) (3,57,0.8931046629022432) (71,36,0.8562201417619172) (91,68,0.7890068412952003) (25,73,0.7704613173377791) (95,64,0.9020353809206516) (2,33,0.8732578377374631) (50,52,0.7628886552960307) (5,61,0.8365408435804419) (81,1,0.898128983841463) (83,25,0.9122096946810365) 
(66,14,0.9374325420903364) (70,79,0.9487864998894711) (4,72,0.8813061022037054) (54,33,0.8201819973832247) (23,68,0.7693442174183297) (92,44,0.9110448225328174) (66,18,0.7926394421152194) (5,11,0.8154141452297777) (6,93,0.8814939642665496) (29,26,0.8061005254058549) (85,80,0.7886525688240343) (89,29,0.7919558934628372) (33,3,0.948297285822203) (70,21,0.8607246228995604) (34,87,0.8557560891794593) (87,95,0.9033884830944319) (49,40,0.8261620781077317) (43,82,0.8694901194642887) (33,48,0.8931379299586366) (34,99,0.7524684999717779) 
(2,96,0.9437865144569666) (70,47,0.8211712992439931) (91,31,0.926386920941847) (36,96,0.8631887382323882) (24,42,0.8902016194110298) (85,55,0.8900250266860181) (99,61,0.8625639064012863) (75,7,0.8045264806009402) (39,54,0.8402565503562616) (86,39,0.9165748695184175) (25,49,0.8700713362649528) (62,37,0.926623884980604) (34,68,0.9387797231649853) (7,58,0.8570434431575354) (64,75,0.7836855089900813) (39,75,0.8846219255510528) (67,38,0.8154650203182217) (8,5,0.9147678145350953) (65,73,0.9191589804867227) (27,78,0.8506811092612667) 
(99,75,0.8910752118987483) (88,51,0.8714327905860487) (85,54,0.8885188958423643) (50,40,0.8911132028626371) (43,56,0.8384413226931079) (28,77,0.9026930438218298) (73,95,0.813618394168484) (84,9,0.8281985836499643) (86,80,0.9495202571526526) (81,70,0.9116127431485801) (72,89,0.7828995284374034) (39,98,0.9278856422942788) (10,74,0.7724712014378177) (73,52,0.9066131094431145) (80,4,0.9499469569625798) (27,42,0.9321947794772645) (36,75,0.7896278188430367) (15,76,0.8793507917468055) (64,40,0.7930218534958895) (46,75,0.9006143986065535) 
(20,59,0.8428698137414504) (6,91,0.8364254014465564) (80,59,0.7811766029893167) (18,3,0.9423546676376191) (51,20,0.9257436393464863) (56,20,0.7615964024173179) (86,0,0.9161514148892909) (89,43,0.8527344553273989) (25,49,0.8842428010719873) (42,82,0.7749691142209066) (7,47,0.8673519066043269) (10,71,0.8560865555752732) (13,39,0.8544553161416649) (89,68,0.9150662611851239) (95,75,0.822511160877296) (9,13,0.8319866022731559) (85,75,0.9338740397689499) (27,80,0.9452342394402229) (43,54,0.7964015553832452) (80,75,0.938759291122897) 
(7,82,0.7871359231475191) (36,67,0.8868901712488321) (92,10,0.8403796255218934) (92,52,0.8581644271545374) (53,88,0.9168651462189004) (63,22,0.8463311868113569) (59,73,0.7883755975041514) (36,19,0.8030324105864157) (88,3,0.8362230017792647) (57,46,0.8540446015460644) (13,53,0.9451254834681577) (12,95,0.8240806472994953) (96,80,0.8201953961069663) (25,24,0.8348187713688423) (73,43,0.9344738630797942) (16,35,0.7806324416099333) (58,63,0.8431368564637202) (55,39,0.8121666837179313) (91,51,0.8891023992382007) (71,45,0.8118634907142798) 
(57,15,0.7566509482385574) (42,78,0.9386278256354471) (32,51,0.8487135944642866) (63,88,0.8726197374655268) (97,88,0.8543192569682567) (23,41,0.9194310044545483) (34,42,0.7728321236090002) (91,63,0.8458095246157292) (30,19,0.8718748604829208) (71,1,0.8137013371090881) (83,44,0.791500595969988) (80,77,0.7983695515894692) (43,55,0.7533363273732651) (90,77,0.8675346961598122) (93,28,0.767655483538158) (27,79,0.88260242219054) (6,26,0.9045147804579245) (53,26,0.8887335818650336) (95,92,0.9412736829762205) (46,42,0.8740343718997413) 
(48,51,0.8771977629973726) (2,79,0.7726499019161419) (3,93,0.8932174562150865) (75,84,0.792028698619861) (31,98,0.9410283736410953) (2,71,0.8352626354176225) (62,81,0.8479646253368951) (11,29,0.7807344472404214) (64,85,0.8549776586853103) (52,27,0.8228956237279672) (42,81,0.9460103837990002) (7,75,0.8691561998271838) (86,66,0.8224360042906016) (68,25,0.7662550120356043) (63,4,0.8106587834548983) (95,81,0.786375890127238) (38,55,0.7617062126013321) (41,34,0.8952943182676989) (25,13,0.9482420397570483) (14,6,0.7968720183746555) 
(87,68,0.8465524105482967) (59,30,0.9245484775485738) (50,92,0.8268249236563805) (5,92,0.8411657969246993) (0,82,0.830950614365554) (42,95,0.816393676776314) (98,20,0.8259234473660257) (14,89,0.8947608899652648) (23,31,0.9373643420783718) (76,46,0.8702234976409517) (73,33,0.7795768111534532) (72,85,0.7532568602285914) (72,40,0.7880158298422503) (78,38,0.9435145969629483) (94,13,0.8463572901353483) (78,18,0.8377332090589297) (15,11,0.8696466470885748) (15,83,0.7979316073651092) (36,62,0.7752334415608274) (73,8,0.912115495959005) 
(41,24,0.8034156987041717) (84,55,0.7750558124530759) (27,11,0.8977877133153007) (34,96,0.807373551019933) (92,29,0.9039529235625284) (27,81,0.7640909120164032) (2,89,0.8236932010094958) (70,45,0.8670992683886791) (21,71,0.7951821392854808) (85,87,0.8673374508536078) (39,29,0.9386413995939136) (55,31,0.9059669250780565) (3,50,0.8381888116355936) (17,12,0.8383307967323) (17,3,0.7750237234278385) (10,62,0.8225410919747763) (31,35,0.9260242947479438) (9,91,0.8846898974671903) (11,69,0.8839476022720267) (76,96,0.8439437667389408) 
(6,3,0.8748225576501836) (76,17,0.8769664713481936) (32,50,0.8470268705566467) (99,76,0.8717015989163992) (41,40,0.8505504918128813) (89,95,0.8923879497159011) (7,81,0.8182911335886351) (13,34,0.8229526884146459) (82,80,0.9321756629969498) (58,52,0.765652078927137) (0,51,0.864365926043996) (45,35,0.9096250719072904) (87,5,0.9000879479628688) (95,32,0.8249335067110171) (36,19,0.8244928855028618) (19,17,0.8754193160213837) (64,0,0.7908250764746102) (44,65,0.8045371320989197) (63,47,0.9303097184286213) (68,57,0.8233177200049993) 
(54,98,0.8031275018269604) (89,74,0.8449566791773975) (81,84,0.8844408857587369) (29,47,0.8987114099471634) (83,51,0.8306517350598095) (51,57,0.8010554320613528) (62,49,0.8660468094854007) (30,96,0.7999390850058832) (39,10,0.8175521328941618) (17,64,0.7892044830432065) (1,93,0.818000558499911) (34,40,0.79580679810125) (20,5,0.8000501866361429) (40,7,0.7710766392230664) (37,82,0.9468538780270069) (28,8,0.8773185422542499) (38,11,0.9397490850502919) (11,14,0.8933764925525799) (0,20,0.8034595735257128) (23,65,0.7994899065547876) 
(48,69,0.7957864163513602) (91,93,0.9052932256095012) (19,86,0.8614710901376098) (67,17,0.8924900103519865) (82,25,0.8053920652199948) (3,13,0.8536121881283144) (15,28,0.872280649729205) (91,24,0.8228338264043427) (26,10,0.8802061330905043) (91,57,0.821410833273836) (32,88,0.8730914418037844) (40,59,0.8077128604453376) (84,97,0.827427768031693) (5,8,0.9231765518527871) (33,2,0.8851040312893825) (87,51,0.7990807853426707) (12,46,0.9348766418511636) (10,92,0.8936557953309401) (70,89,0.8574264338598646) (52,64,0.7982761784182356) 
(17,98,0.8528696126587154) (70,34,0.8973820910031879) (29,85,0.8024565831772009) (99,4,0.9046760962755774) (6,97,0.905760976178969) (54,22,0.7806996767206862) (5,26,0.7569862984018088) (13,62,0.8228963995076781) (84,35,0.857446733768635) (45,94,0.7676689519575317) (72,84,0.8341509100954195) (28,4,0.9122771010718381) (21,86,0.9478432026941799) (47,73,0.9361786537404633) (1,81,0.7539190217667716) (53,26,0.7706954912553113) (26,9,0.8807528119814927) (53,76,0.9049114479462695) (90,44,0.8551646618151598) (93,71,0.851964666933956) 
(77,17,0.8205442931218633) (79,92,0.9374647677701055) (69,92,0.8986876432933532) (83,51,0.8663528951190839) (69,82,0.7674848055693647) (56,2,0.9306595179241506) (63,15,0.8011433363277546) (75,93,0.7983099201448208) (77,54,0.8355483328051959) (62,57,0.7990411829397279) (94,77,0.9120995920854192) (42,87,0.8641077819794692) (77,70,0.8727520329632154) (2,12,0.7951150486745997) (83,50,0.9182154335082533) (77,93,0.9431221602792041) (82,74,0.9224386113901262) (44,74,0.8795892743858232) (17,64,0.7627410034982671) (65,91,0.8815842350141176) 
(83,72,0.7769612068278716) (42,39,0.8612089276184953) (74,44,0.8058762874831245) (4,99,0.9431929633824444) (35,95,0.9042887833649041) (29,78,0.9449740781591258) (10,23,0.8457764589924291) (68,71,0.9156980203164184) (67,51,0.8244589508438778) (30,9,0.8582164859726585) (59,68,0.9421007475702043) (43,34,0.8009860416764891) (6,43,0.9491842276757995) (47,82,0.8600733031754916) (23,92,0.9476005863833231) (92,98,0.8461508789541589) (18,29,0.7738836539813678) (31,10,0.7714061707799142) (0,67,0.8178527042281957) (10,52,0.8120466181217098) 
(30,96,0.929690561510315) (65,63,0.9199707211327586) (3,31,0.7800001493181821) (11,99,0.7748571788433141) (1,5,0.9213464976808842) (57,54,0.9300567953787983) (18,46,0.9222841552953615) (80,44,0.8618428382395613) (72,19,0.9281193540425404) (71,63,0.7708921607456142) (27,57,0.8537549243727689) (26,31,0.8930560472747904) (73,43,0.8752914693486424) (43,77,0.7866885924526388) (42,89,0.8744344224790352) (96,91,0.80088543987488) (82,63,0.8795189661352406) (41,91,0.9376122816048218) (38,7,0.8136419617089914) (65,52,0.8264936736336985) 
(92,68,0.9346155139684134) (78,68,0.7997806519233429) (26,55,0.9273982279469359) (96,85,0.7645761743112367) (81,89,0.8454402819847465) (13,78,0.8565045373264419) (87,33,0.9421596327941273) (48,90,0.8052660252975192) (3,41,0.935840561657736) (73,76,0.8858723780104869) (28,75,0.8411132055936194) (64,24,0.8245643929255912) (45,52,0.9276185002020513) (35,7,0.7881524897082202) (72,14,0.9203166599001863) (78,38,0.9343697939131396) (58,41,0.7570700449309017) (80,19,0.914611627688578) (93,16,0.7860212693627653) (70,29,0.7559576671796203) 
(7,93,0.9189989210858789) (40,21,0.7942847869971122) (69,93,0.7804245694500043) (0,27,0.9372035248328415) (34,41,0.8099515679391758) (60,55,0.8301696374815521) (97,94,0.8736124414200372) (19,23,0.8720246516036699) (50,8,0.7942469350304733) (9,81,0.8583712937655672) (96,67,0.8682384045606679) (60,40,0.8777837869615545) (31,43,0.8706250000580033) (47,94,0.8845253431896464) (92,90,0.9206251786055007) (96,98,0.8844794741161961) (75,86,0.8284493648828412) (83,40,0.8623173192912333) (95,14,0.8345468082598706) (25,75,0.8227532973207173) 
(60,4,0.881423866278939) (92,61,0.9259912883471164) (63,75,0.79127682920308) (96,98,0.859479993521372) (4,91,0.804823835515659) (46,66,0.7830923246569618) (11,42,0.844257463488856) (42,99,0.8291272364396434) (48,84,0.809385651520128) (45,81,0.8970786128328699) (2,55,0.8775431143688819) (38,98,0.8397689545985617) (63,31,0.7634157164685014) (88,5,0.8427399920624613) (96,73,0.8135171557973238) (43,83,0.8817139045148691) (45,34,0.8119990048497169) (85,1,0.7823256290271616) (37,1,0.9113983995257771) (46,27,0.7814723792131015) 
(81,53,0.9171789019016995) (73,55,0.775699560885456) (30,63,0.7695507076407143) (90,29,0.7534919703491587) (59,13,0.9366261012166799) (81,66,0.7503836988992747) (91,79,0.818713215665105) (33,54,0.7778488321792537) (37,1,0.8111374331294217) (48,38,0.7890804173927908) (55,64,0.7877920333856553) (87,96,0.8139445060429276) (24,95,0.8750754227534271) (21,47,0.912939588919417) (63,34,0.8912114527058594) (47,17,0.8826092823909957) (37,14,0.9038788795844094) (47,75,0.7718801641726218) (79,46,0.7902126790493681) (33,75,0.7897636344310266) 
(62,21,0.7507715897886817) (22,63,0.9178615299803947) (58,45,0.7864014315440268) (76,78,0.7616576922483977) (80,66,0.802569800077567) (51,66,0.9345297531902288) (72,23,0.9333459350051871) (31,32,0.9057640249146575) (16,42,0.8298761395558398) (38,79,0.898676514228437) (11,27,0.8148934377234572) (40,74,0.8206037028660891) (32,86,0.9325607578049069) (21,34,0.8626732643896253) (78,95,0.7695635472648652) (78,26,0.7544192154742757) (15,45,0.8171420895097354) (84,60,0.9367899941340114) (7,45,0.857027804846053) (10,68,0.7525484945472247) 
(97,35,0.7973669398779774) (77,79,0.8981517421564116) (56,26,0.8787208494453592) (97,53,0.9379393228454262) (89,14,0.798173099137185) (67,54,0.8920839103489482) (70,88,0.7744159329715733) (8,13,0.8536761612402296) (81,10,0.7726925031886074) (92,76,0.888527945420291) (87,14,0.8372289104793373) (3,94,0.8181872204040883) (45,58,0.9396780570668919) (74,29,0.8035618379287812) (38,29,0.7874619630762614) (35,38,0.7891026014672636) (73,12,0.9321705005265595) (2,45,0.8399223153500142) (95,41,0.8257870327781113) (99,28,0.7632308697810142) 
(86,28,0.9473462881954469) (22,52,0.8113207752274886) (85,46,0.8482769384188391) (20,64,0.8820448580251112) (70,71,0.9472390665529768) (69,30,0.9329809945268793) (88,43,0.892561287145143) (78,41,0.8919205368144634) (12,68,0.8469464679405042) (80,79,0.7635573578690336) (54,57,0.8527353789182485) (26,5,0.8353326119523986) (56,37,0.8393258576580701) (97,12,0.8327972866486987) (98,92,0.7616048783603436) (64,10,0.7813278947899791) (58,91,0.8951171953580553) (28,82,0.9149958207441808) (45,58,0.8591234315933334) (4,50,0.8334506523790963) 
(91,10,0.7759840204373271) (28,79,0.7627443971458344) (18,44,0.777660615483239) (33,52,0.9384809778095279) (56,87,0.7541911546034046) (77,7,0.7651342337355399) (88,52,0.8669678295308054) (42,61,0.9485582318257892) (71,16,0.9244961072869321) (2,34,0.9339254297409101) (36,67,0.8929719037564741) (64,56,0.7561280884330034) (52,39,0.9093507487152068) (15,67,0.7810356651968197) (97,98,0.818646120048319) (86,30,0.8938901771785257) (87,78,0.9345409062406167) (22,73,0.9193282617316771) (27,83,0.7905484391279431) (23,41,0.8789071709283367) 
(4,92,0.7657696747266812) (27,6,0.911571741790193) (20,87,0.8153356489971061) (72,96,0.7776829930782297) (44,79,0.8651719110169893) (22,6,0.760205830652569) (61,69,0.8437693045443931) (50,80,0.8692653608753739) (88,6,0.8483326386742699) (9,76,0.8547570528279694) (1,42,0.7714092922107825) (69,53,0.9299953371820695) (37,23,0.8572376599676667) (21,5,0.7840247289296578) (58,82,0.9011399866224789) (91,22,0.7602562609033472) (32,15,0.9015789263661315) (22,8,0.809979133672254) (42,51,0.8792493847372121) (54,89,0.8035254174898736) 
(44,10,0.9471064429842873) (54,61,0.7772432033072311) (99,4,0.8975218202510158) (94,43,0.8583137801187383) (61,77,0.8921166550373367) (88,46,0.8825467006524458) (29,46,0.9073933575634794) (0,87,0.8197828407781085) (6,42,0.8119648866924106) (53,54,0.8325107527805852) (94,41,0.8918585240497351) (37,87,0.7516449107791838) (69,65,0.9108432366320716) (95,22,0.9033507159698205) (7,48,0.9099347761408717) (22,49,0.8356338304982391) (55,68,0.9247804734933203) (63,46,0.7708559059312085) (72,30,0.8014264028795413) (3,25,0.9495032890115629) 
(54,19,0.8166766345998966) (30,22,0.7896112882252081) (81,40,0.9369262775820526) (21,4,0.8344980772758908) (8,63,0.7769005745727847) (62,10,0.9214426959985336) (0,24,0.8343467516047228) (98,63,0.801246166599973) (64,9,0.9292074511067278) (27,70,0.9263972442355489) (1,88,0.8551531934238473) (41,30,0.9324657225832622) (34,30,0.7972639201461975) (3,6,0.8431779065401214) (66,91,0.9064061011392786) (99,18,0.9436996092002172) (83,9,0.8975240000723707) (23,57,0.9443800239628389) (23,70,0.9084712974477452) (40,20,0.9259043681420509) 
(36,14,0.812475395957245) (19,2,0.8337598829375003) (31,25,0.9168809618068761) (76,59,0.8203757573629932) (39,80,0.8035690113421181) (68,6,0.8417846833854957) (51,34,0.861289076104569) (40,53,0.8273576349436689) (31,26,0.874266595417561) (22,2,0.8962341532754433) (58,1,0.8850727468843154) (10,89,0.8331147351940943) (65,87,0.8012701118114143) (83,92,0.9160885608578465) (5,14,0.762160834121199) (97,63,0.8189060224053342) (48,56,0.7696487343373102) (18,83,0.925569810679934) (85,3,0.8299444330909904) (4,64,0.752909084266643) 
(60,75,0.9223134561961515) (40,57,0.9486120723799281) (7,18,0.910786267573052) (29,66,0.9128171811317025) (68,62,0.9380003025217821) (77,27,0.8351920616824554) (51,41,0.8868303738616201) (17,99,0.9237830980058797) (98,12,0.927593691833204) (35,65,0.7600665241460716) (37,46,0.852400167856344) (6,88,0.9274750493900261) (24,98,0.7865050103187238) (76,97,0.8183894897464703) (77,29,0.7649956243650843) (90,43,0.9400075122511464) (15,75,0.7540680856421048) (55,61,0.82233756764743) (17,6,0.827886993775362) (58,53,0.9000310306411099) 
(99,40,0.7516478916847069) (81,82,0.8224930305572661) (95,37,0.7788837457299526) (25,40,0.9155139026510111) (60,53,0.8845734410675197) (78,81,0.8274341988928686) (60,47,0.7822160892291277) (8,1,0.7682135353990164) (97,74,0.9166059633254333) (65,44,0.8526438829003791) (14,5,0.9127281630116688) (29,86,0.8886045687336388) (2,75,0.7834141552133912) (42,98,0.8225055354853922) (83,15,0.8339978750295848) (70,96,0.7843905628267591) (44,54,0.8892701135198712) (11,72,0.8441433703194815) (74,47,0.9468553123724016) (13,28,0.9339742632772172) 
(30,90,0.7549100134346796) (79,50,0.8872129140677374) (34,46,0.9411417343543003) (39,55,0.7633937181775933) (68,84,0.8867668878924752) (5,98,0.7828750528252578) (0,30,0.9155662788548892) (8,40,0.9256738006766365) (79,73,0.9318430245759465) (63,79,0.7576268622587243) (85,16,0.9078611103776679) (95,50,0.783458676642679) (51,7,0.7531668145360123) (93,27,0.7668438800260432) (56,11,0.7893050029347133) (1,73,0.7783348891559632) (38,59,0.8139374259775701) (73,21,0.7667113521531744) (79,61,0.8018803852261899) (99,55,0.9018581815028083) 
(68,81,0.781074734045478) (33,64,0.751428125532696) (16,43,0.8215727532277125) (49,75,0.875895726220453) (11,23,0.8790663683949529) (31,77,0.8969629229840329) (81,45,0.8057825971244221) (78,20,0.8249295044709308) (26,41,0.9013961171287411) (73,64,0.8660931214272374) (16,83,0.861848732103834) (33,93,0.8548822854027501) (43,34,0.8708071329372704) (33,70,0.8572540017119413) (47,83,0.8323234195371401) (61,48,0.9183204890309175) (40,30,0.8990210190757112) (2,55,0.9436665180378113) (67,48,0.8479372479082361) (59,76,0.8899950890609496) 
(89,23,0.8356984575533111) (74,8,0.9468969945692766) (48,69,0.9249495714917639) (33,31,0.9400466831122938) (29,2,0.7952619126556701) (57,1,0.8984621766826504) (99,69,0.8599281987274507) (96,98,0.9475213850761407) (3,86,0.818276079802319) (26,64,0.7594708337695171) (75,63,0.9371231093803671) (67,75,0.7853716885043184) (4,32,0.762472548718271) (72,88,0.9008043191268198) (57,18,0.8471440260482532) (91,93,0.7602561471365353) (93,58,0.8573677987949347) (35,90,0.8624030032174855) (77,26,0.8858025895639567) (40,86,0.8574198047822348) 
(2,32,0.8813248483154688) (96,5,0.8237116863258143) (68,47,0.8702385251530336) (49,63,0.8325726986104731) (60,27,0.7710744330907894) (44,61,0.9481389632800029) (89,8,0.7872814186267788) (8,52,0.8675337200592852) (80,46,0.8390689497010354) (81,62,0.7978707814907441) (40,42,0.8210652904646571) (4,83,0.889316122546338) (54,20,0.8593397481772173) (73,19,0.7673211074299732) (76,62,0.9068593928833893) (56,27,0.9138288474053814) (57,0,0.8016202450574449) (53,79,0.8689193311539121) (41,57,0.8505123358896449) (45,1,0.7531120159337028) 
(75,64,0.9356907955371043) (94,77,0.9158576524036048) (51,94,0.8598076134055412) (12,70,0.7589351293070463) (91,61,0.9379381454159981) (53,94,0.8245362985283823) (99,4,0.9204133516411445) (12,92,0.8764434237541998) (47,25,0.8130119293005911) (88,91,0.756877709712426) (6,11,0.8695995016105897) (63,67,0.8500198474784675) (52,86,0.8188136310896096) (10,80,0.8747977813553127) (43,83,0.7840256683945577) (93,23,0.8052878817265104) (17,20,0.8646150107483777) (92,7,0.7588166345707223) (55,7,0.8697934593560831) (75,17,0.8615590979737807) 
(35,83,0.8216765000312501) (65,20,0.9054244717505978) (25,29,0.8134094782295165) (64,87,0.8901161922327523) (56,37,0.9037359671799001) (85,37,0.9196639370343651) (26,6,0.8633188635200922) (65,99,0.8193525438684207) (6,75,0.8922326680552873) (88,62,0.8484910875020695) (58,52,0.9012601948380266) (72,75,0.9452635090380602) (15,7,0.7767877871093534) (10,8,0.9444768632060964) (15,21,0.9049232297774848) (36,35,0.9041565130327839) (10,60,0.8264097704460142) (36,14,0.7903620235269353) (11,52,0.9467990303610772) (16,58,0.7865905003928891) 
(78,13,0.8897918251577959) (76,21,0.8736736950455075) (34,88,0.7557866431393176) (24,1,0.9001365078343774) (61,23,0.7564740408979937) (35,44,0.8460181287041175) (56,43,0.8221683515870937) (5,80,0.9247935403916656) (68,0,0.8023856936072942) (60,98,0.8732466417911806) (81,86,0.8119715936261692) (90,44,0.9180034193318161) (21,28,0.9025171795263927) (32,40,0.9120435802013613) (75,26,0.8807808171486776) (26,87,0.8437636084038713) (83,2,0.9051085585973078) (14,81,0.8758258660531606) (37,4,0.8460139588514524) (91,16,0.834104350149045) 
(17,9,0.8019761823702788) (86,2,0.8105066633691036) (19,28,0.8120219972959084) (60,10,0.917668810600676) (24,76,0.8235691170448978) (58,88,0.7533214857208976) (4,18,0.8137836985136861) (24,77,0.7719645291582732) (76,99,0.7852796426361073) (37,8,0.9474618899317981) (81,66,0.9474052554906603) (22,70,0.7942074428227868) (50,33,0.8473549503995345) (74,76,0.753931117577524) (33,31,0.7957238233578788) (9,52,0.8264371823989112) (45,88,0.7621509513055238) (51,55,0.8618282389513476) (93,30,0.8770747198235659) (93,58,0.883012581582391) 
(13,77,0.8568779706870085) (51,71,0.9016799262355448) (4,1,0.8631255853045179) (69,23,0.9007209645258427) (26,49,0.9156683153413976) (16,26,0.8011132553190022) (97,22,0.7531064938606877) (77,30,0.9279427069025639) (27,68,0.8873924028059158) (18,74,0.8562604468319632) (80,28,0.772912292314326) (7,49,0.8090335497473322) (8,96,0.8514778998080479) (97,95,0.9061190961324195) (37,80,0.7653178286821598) (13,41,0.8050016260859808) (24,94,0.9083879859480405) (10,97,0.8163788663257184) (53,62,0.870019597779818) (75,46,0.7878139624217072) 
(33,26,0.7538699252654901) (55,65,0.7500346536994278) (33,0,0.7686451506872269) (3,37,0.7753173203626373) (99,38,0.8767321294988747) (6,20,0.802385869100518) (30,52,0.9105985276732663) (12,45,0.783464476030079) (12,68,0.9399149078213921) (75,97,0.8523402245198093) (22,8,0.7607854218394735) (40,11,0.7633096073089859) (68,27,0.8545324421281314) (9,13,0.8774881266329986) (59,31,0.7973143080642825) (77,9,0.797139513186792) (51,13,0.8493263556561026) (95,72,0.8981897824759939) (15,9,0.903764545334755) (78,52,0.8512648694774114) 
(0,77,0.791733971557659) (86,52,0.9155435407195571) (47,41,0.7773872938723934) (85,1,0.8393922592643782) (25,78,0.886069541210206) (37,55,0.8457438332213943) (18,13,0.9410498393288045) (24,65,0.8132453018558543) (82,13,0.8389935941772653) (19,67,0.8921172874046577) (87,89,0.8134282433470575) (91,87,0.7878006941504618) (60,43,0.9004572293711522) (63,45,0.803240228473814) (15,63,0.7736563394700677) (41,72,0.9469203761387632) (15,21,0.9467523533150952) (0,46,0.894912760654278) (64,63,0.7727897424147151) (50,8,0.7859258479810318) 
(37,70,0.8859248524280916) (89,13,0.9337543439735723) (34,37,0.8050378411411095) (67,51,0.7998919264804887) (2,56,0.7975544098182531) (8,36,0.8780756390448692) (93,10,0.9216966829741255) (29,60,0.887000351605823) (3,38,0.8044851024095423) (61,53,0.9055625251190498) (7,15,0.7760906885834385) (95,54,0.8391132038854097) (39,57,0.7600744197914241) (88,59,0.90506717128839) (65,16,0.7608896977020927) (49,63,0.940640665009721) (65,3,0.7874476360440261) (56,20,0.7603793855508663) (74,16,0.754475865258434) (66,50,0.9465732671079314) 
(45,7,0.7987400382702319) (77,84,0.9339731405832101) (70,72,0.9343837803857324) (38,77,0.8751460503760741) (74,21,0.8095927807920895) (88,93,0.9045584068246173) (3,40,0.8725654038359488) (59,12,0.7896690863795037) (82,10,0.8019358516829771) (89,53,0.8948760486282404) (99,45,0.829276604973668) (52,56,0.8577772615235248) (31,33,0.8117563665792862) (36,37,0.7561878567822111) (2,30,0.9365642210726248) (14,59,0.7725025482284699) (59,18,0.8852472766371153) (64,12,0.7585644541697355) (35,98,0.7742489637295251) (27,3,0.7782607876424282) 
(70,75,0.891211705093186) (22,90,0.7593337500439886) (96,71,0.8616733989224553) (18,75,0.8707995922334965) (4,3,0.8627882222569011) (56,66,0.898451115181978) (71,77,0.7667198456195875) (48,21,0.7943641003922446) (62,23,0.7828805484568255) (9,68,0.7731731830161793) (98,69,0.7961740282126224) (23,4,0.887609513056438) (79,78,0.7572728898152224) (84,28,0.883849376075881) (56,13,0.8996506813552835) (72,88,0.9393298882022891) (67,12,0.8730689660538244) (25,91,0.8305574781932802) (33,24,0.7737653264930952) (47,17,0.7776631746689828) 
(62,51,0.8907686054587403) (73,54,0.9076892220384981) (30,22,0.8950989886184954) (20,83,0.8978144583538219) (92,1,0.9488395282916734) (53,4,0.8142840829735399) (66,44,0.93985204299881) (21,63,0.891128305656121) (8,10,0.9017479025950593) (33,31,0.9291501258413657) (13,32,0.805493420607839) (5,51,0.8804901752171385) (80,63,0.8747155325452678) (85,91,0.9110692320099454) (80,54,0.8181061877248805) (46,53,0.8537652116947554) (16,15,0.8115177445354486) (39,10,0.9020961881591356) (58,19,0.7680895689986934) (49,99,0.8958382869645142) 
(22,18,0.8184981851842246) (32,18,0.7727436393301134) (9,11,0.805504456647028) (58,8,0.797635826674106) (94,73,0.7998509842129028) (62,75,0.768338290447458) (97,35,0.7984670113090657) (14,62,0.7933211380650962) (94,23,0.8817682849645573) (94,10,0.7668125978108685) (0,75,0.9224388112891562) (63,74,0.8701099638893005) (2,34,0.9440764183300632) (42,21,0.8644038073029423) (25,5,0.9498374303075863) (31,7,0.7541809323811005) (2,63,0.8205967048009066) (54,66,0.8991084177237902) (62,10,0.8746262472816543) (8,34,0.7604847711203344) 
(12,15,0.7672523740723226) (25,39,0.8025463111676062) (50,60,0.7906095949370247) (65,38,0.9181643430504144) (37,46,0.775832959978008) (32,47,0.897969176487157) (11,76,0.8531308843941605) (68,92,0.8345686303508266) (86,94,0.8455787289443792) (14,80,0.9021447167022867) (15,38,0.8252543436459596) (61,72,0.7770892274297903) (0,19,0.7756996646121604) (37,84,0.9367852806519601) (42,57,0.8486184665241461) (57,93,0.8002113121917944) (1,24,0.9071694886406074) (29,95,0.7658290777609446) (6,15,0.8191216592909637) (82,68,0.9327161248054768) 
(31,57,0.8731651769885342) (88,48,0.8164166033671457) (86,15,0.7583163701209341) (33,12,0.8043394567614008) (19,22,0.8356419288632136) (7,94,0.9066050568286955) (11,59,0.8111490652953177) (1,44,0.8784187704839379) (77,21,0.8917594133723601) (68,29,0.9346919154405805) (95,23,0.7728441188095522) (90,42,0.7690093603714179) (20,54,0.8863163974646107) (63,49,0.8354741261715137) (94,1,0.8611537514146207) (76,98,0.7885628345726248) (70,94,0.862513486117571) (98,42,0.771569912605989) (49,64,0.890892231206502) (40,92,0.8013438551192315) 
(35,67,0.8285271361727127) (55,58,0.8078328951374567) (32,31,0.7738389781191256) (68,64,0.7950851464315842) (85,93,0.9219502753494386) (41,43,0.9145056624881691) (71,5,0.9463596392136222) (53,98,0.8162592421984067) (59,12,0.825262931173729) (90,55,0.926614358701938) (16,25,0.8778927901758387) (86,97,0.753335221420457) (48,4,0.8328072763692603) (2,11,0.9110035979247504) (48,88,0.799164305604807) (38,96,0.7853252797656608) (45,22,0.8837959349274704) (60,81,0.753815470756397) (70,51,0.7548473401615347) (65,11,0.8176653328142457) 
(66,25,0.8131582316667172) (76,17,0.8133136960159653) (95,11,0.9232171597626425) (49,31,0.8414017848762513) (55,57,0.932938998676396) (94,77,0.8613548781035166) (19,77,0.7560566568782061) (83,81,0.8803569144427394) (69,51,0.8311230642820034) (93,78,0.8965772545229972) (38,68,0.7724943169285445) (46,43,0.8039607943346913) (48,86,0.8592880085432806) (95,48,0.9091321404384344) (18,98,0.9223041331885049) (79,9,0.8983598161647137) (69,13,0.7635309203833686) (50,0,0.8162338962192619) (67,76,0.7741970933139207) (45,54,0.8938753469854067) 
(98,0,0.7616749695154443) (15,55,0.8166434322323574) (17,27,0.8399994960230913) (68,84,0.8551601512359374) (1,21,0.8841065827123047) (59,24,0.7958714171361817) (14,3,0.8478465199067773) (23,84,0.7551549936861472) (32,84,0.8832182715732595) (81,35,0.7796580135429182) (68,77,0.7926000712270052) (52,96,0.7944568734576571) (39,62,0.8525470815326807) (8,85,0.9255862934007865) (21,95,0.8071154076405852) (9,32,0.8717108937050992) (74,3,0.8216442583583532) (18,68,0.7729764812545079) (53,27,0.9463641899063369) (6,67,0.8233887962346016) 
(29,35,0.7803794152040724) (62,20,0.7832530071281668) (57,20,0.7617451068741252) (69,71,0.7832554954223598) (66,27,0.8377369404931165) (97,35,0.8278664124924425) (21,11,0.8241529052598149) (74,6,0.8099563598747093) (17,15,0.8864718883787671) (37,98,0.8678256823954219) (84,98,0.8632555253884348) (24,74,0.9336368565742944) (41,65,0.9166231322002578) (74,8,0.8129483022130451) (32,98,0.7747331941236194) (22,14,0.8850337294812384) (7,28,0.8508162661061752) (92,61,0.946816947562686) (38,73,0.7783130857338519) (81,37,0.8933848769460413) 
(78,24,0.7680695281491863) (81,58,0.8364758073347099) (22,87,0.8738016213898127) (1,59,0.8750734594472532) (99,94,0.9007722546838908) (59,66,0.8950676324499051) (56,97,0.7994334904115497) (24,60,0.8604295249013991) (52,33,0.7681669861434259) (70,28,0.9071725493564806) (54,44,0.9374306961663734) (92,26,0.8439462449995228) (11,67,0.7669511417283518) (33,55,0.9135882463724307) (51,81,0.9333217418481573) (54,15,0.9214424494581263) (20,39,0.8037941051478473) (91,21,0.7926681756328262) (37,90,0.8599169233240089) (48,50,0.7747525391225388) 
(55,33,0.9451713850294079) (32,98,0.9373785963513936) (32,51,0.8885508071735858) (53,33,0.9131505083031621) (41,92,0.7821115600210169) (45,90,0.7550505577697194) (58,54,0.8300250436507655) (90,75,0.9005166537375113) (86,52,0.8072968061702394) (38,44,0.8109146524093988) (73,87,0.7925302790519887) (49,8,0.9151082333012897) (51,75,0.8458423370393717) (15,88,0.815148316375676) (45,34,0.8390657875135626) (38,65,0.8000579942377296) (5,83,0.9297755303681581) (74,3,0.8207821153694784) (57,18,0.7709185980308279) (75,3,0.8007085952727689) 
(19,57,0.8628097031283407) (7,4,0.8146636790377173) (42,7,0.9303868716256474) (36,89,0.7644220177264213) (12,10,0.8674969972980793) (58,26,0.9194078560824701) (96,35,0.8196344009900614) (19,37,0.8891427572198871) (11,21,0.8437797256587654) (35,98,0.7580283625740926) (26,52,0.9248400043856718) (9,74,0.9357984684017108) (11,1,0.7575403000035966) (86,8,0.940583849245607) (9,17,0.7910133524578276) (72,30,0.8002210090738697) (94,21,0.8358971619111307) (92,97,0.9017042376610795) (46,27,0.9342135117478004) (94,42,0.7514487751616338) 
(5,55,0.9166003473790753) (70,15,0.8579316835002985) (65,90,0.9069107472089792) (19,94,0.8307329267571805) (69,22,0.8449584265544092) (53,28,0.810975044591874) (13,54,0.8720638037683626) (82,38,0.8813515484647197) (28,79,0.7797967850420902) (46,35,0.9168879834727738) (31,90,0.8849607435000727) (96,24,0.937546973098405) (89,7,0.8779618480037481) (12,5,0.940796021875028) (49,42,0.7895373084317314) (43,62,0.8011815166932772) (41,82,0.9173065173199757) (60,16,0.7862781696992941) (30,9,0.7579006200348218) (88,2,0.9175375127817316) 
(69,70,0.9406091193943179) (77,36,0.7628056070482302) (61,10,0.7608117834605673) (32,86,0.9363145409059347) (24,12,0.9363736045049673) (69,5,0.9017822750086045) (53,5,0.7766916089155529) (1,16,0.7618755236189283) (41,42,0.9466026394274651) (46,1,0.7750574219688219) (89,45,0.7795858884938678) (3,76,0.8176107995751312) (63,96,0.8394858828109547) (6,14,0.8416214078341646) (93,53,0.8978149241138362) (0,45,0.8086523674359198) (71,36,0.9447845528591473) (81,8,0.8542381358796729) (79,89,0.7986207312875382) (63,83,0.9142561192253016) 
(32,74,0.9394022560804643) (35,85,0.84643921928723) (23,11,0.8919052739612444) (27,41,0.7753638998445582) (86,0,0.8458086034027958) (17,55,0.875970977416554) (79,98,0.8419462766052714) (96,15,0.8521169162533877) (12,98,0.8123441416644022) (46,41,0.7677858429685798) (84,68,0.849888472105063) (25,26,0.801237763689988) (18,46,0.8835082911172597) (56,98,0.7938714195928969) (5,62,0.7805313518581044) (88,76,0.8390670339711239) (9,51,0.7769579038070362) (60,74,0.7506344374252757) (8,65,0.7516266892096395) (9,19,0.8705236925413274) 
(92,33,0.8428734858990936) (15,66,0.8977443450407067) (52,25,0.9348040859625564) (24,58,0.8563207443600056) (91,86,0.792039123031534) (62,92,0.7578590812959906) (82,46,0.9215020897800031) (72,34,0.8620362695050584) (68,0,0.9006871893239858) (73,72,0.836639045569334) (86,53,0.7827373597204563) (72,23,0.8389276554467837) (60,39,0.7956263801579011) (57,79,0.8125895584648829) (4,68,0.7821190371017478) (6,70,0.8154864642397186) (52,3,0.8063406285832606) (34,11,0.7735753509727835) (72,48,0.7584539939368619) (32,53,0.899254244591773) 
(64,81,0.9367632487536666) (64,98,0.7625179177967323) (43,31,0.7997090574700095) (13,21,0.9068366501569893) (49,36,0.9359915753899378) (60,33,0.915516319949801) (81,36,0.814318834822283) (6,76,0.7554497567650319) (79,88,0.8771284137078713) (77,31,0.8571888216290463) (83,35,0.7787880929235182) (71,93,0.8258714008282844) (73,26,0.9437945642236796) (12,29,0.7988301880708395) (92,41,0.8545579826890948) (66,91,0.9196171338777563) (32,94,0.7518060127317908) (44,58,0.8813624710894482) (56,30,0.8715688830501255) (67,62,0.8378721065440805) 
(45,60,0.9403752737789612) (76,19,0.7651935514901765) (97,10,0.8643665056665956) (74,94,0.9078645078836551) (4,0,0.8981448439899196) (67,60,0.7724869619039518) (31,46,0.7819785542907262) (44,12,0.8350619461152261) (57,68,0.8496010597873296) (54,90,0.8213812210994968) (71,80,0.8886800223347621) (51,25,0.8865166468555201) (26,34,0.7786100456933767) (16,41,0.9172237938382128) (2,52,0.8688670110801399) (9,88,0.8350174383016747) (65,98,0.8890481665429493) (93,81,0.7517623899560759) (65,85,0.7526173484395395) (68,89,0.8063151132528762) 
(30,59,0.7625627595230203) (63,67,0.7754236257810982) (29,51,0.8187039724033256) (33,28,0.8369101246376295) (95,21,0.9162890112100677) (53,41,0.8298886319132541) (78,80,0.767897484556532) (87,79,0.8406012472180159) (64,73,0.819248509071073) (50,29,0.802640859966584) (17,93,0.8501914917962108) (47,94,0.9153674374541004) (69,15,0.8326867814902119) (62,6,0.9448292417809013) (45,52,0.9442253053528251) (36,20,0.8487223504775935) (6,16,0.8691117400758692) (57,65,0.8619874127349827) (8,13,0.817671747161407) (62,90,0.7758966327967489) 
(75,14,0.8516114251795683) (16,59,0.8197204675614651) (21,30,0.8532935787096712) (72,37,0.9271969988894857) (10,92,0.8576024936335899) (57,12,0.7506909728396042) (67,13,0.8031768958266088) (7,69,0.8630077877069217) (66,39,0.9153698266458506) (9,59,0.7885797692847263) (71,62,0.9013616328801933) (34,21,0.9377938076519172) (7,15,0.8538542334607068) (79,67,0.9335410368313769) (90,61,0.8761686067912668) (89,67,0.7610034912137675) (13,50,0.8704937342501942) (64,45,0.9412476954501354) (51,25,0.9235546414886269) (81,95,0.9255108959999536) 
(18,59,0.8829773363788007) (87,49,0.7706926403867725) (97,5,0.8954752059381341) (13,46,0.7926120047430797) (54,17,0.8037064960458807) (98,65,0.8062344226066733) (56,73,0.9364981977280047) (87,17,0.831755000659396) (17,90,0.9209574997475005) (65,70,0.8557344689974811) (94,57,0.7986429436205283) (32,76,0.8544760910492061) (27,34,0.7984895324008109) (33,21,0.795571285013756) (98,18,0.7834662750770472) (20,9,0.8844222465808231) (32,52,0.8843469569043989) (44,59,0.7644835394857301) (39,36,0.8843854075639146) (9,28,0.8677624769216693) 