(35,12,0.7603844469981915) (28,57,0.9229382523159353) (50,38,0.9000422164217852) (33,6,0.8468448360362956) (25,28,0.9080656427208621) (10,35,0.7985398186970266) (26,57,0.7516725526566088) (48,36,0.7883328910702251) (21,2,0.7836957440416684) (13,3,0.7693511706920859) (27,56,0.8223845559668193) (47,22,0.761097839200005) (22,41,0.9252434911320498) (25,21,0.8905579520870479) (12,26,0.9438620142230133) (52,21,0.7665111435812261) (15,9,0.8282788227154124) (27,36,0.8716625028927956) (44,3,0.7959789110705859) (48,32,0.9226801849853193) 
(53,39,0.84853711867293) (5,34,0.7638065310982193) (46,13,0.8838012521726227) (19,26,0.8480698697261153) (0,57,0.9443373167245247) (41,27,0.77078953783388) (11,16,0.9123906436606698) (21,26,0.9370896828701216) (53,55,0.8149065022902452) (40,45,0.8635521486388914) (28,30,0.8326214692946683) (15,21,0.9224727112142654) (18,43,0.7769787637931598) (35,51,0.8005125500731386) (4,39,0.864443349191834) (3,37,0.8034316434098837) (42,41,0.846133036269626) (4,3,0.814695124504087) (17,55,0.7986413631060362) (5,14,0.8598761677600871) 
(51,57,0.9434713194980509) (23,40,0.8256974887711548) (59,53,0.8348222554650404) (22,27,0.9345998270790133) (46,58,0.9142173029895632) (37,25,0.8549166380652659) (31,2,0.9093055070390861) (20,7,0.9387449167613136) (16,44,0.8708256771016615) (48,58,0.8758998968108703) (45,39,0.8840553493523098) (21,8,0.7885078331157732) (29,41,0.8594414244643318) (32,55,0.8130023619578435) (36,49,0.821934446673614) (12,17,0.7826070991215485) (59,56,0.9149219583881243) (58,25,0.7623004268571715) (14,20,0.8564725017060818) (2,32,0.7887549678180616) 
(3,32,0.7515883895624261) (4,10,0.8688041811478064) (0,2,0.7519592706550567) (43,32,0.8911686479560427) (49,57,0.8375908539673828) (17,21,0.8709231394057101) (21,53,0.7729818681080162) (23,47,0.7744464777761056) (18,34,0.9356450295256196) (40,35,0.877311914027073) (35,42,0.7619978559561409) (16,19,0.8310773037590414) (27,54,0.7870505478285806) (10,13,0.892779477479029) (50,32,0.9366881596080332) (25,45,0.8337258890658988) (3,31,0.7957342738202492) (55,47,0.9091836433979501) (39,10,0.7518671900785925) (14,42,0.8629540087404276) 
(13,0,0.9006753007829356) (38,14,0.8758254549647184) (27,29,0.8499261590704114) (52,1,0.7770296560116992) (34,8,0.8933607723055709) (2,33,0.7586755910607567) (55,48,0.7587080998565203) (36,23,0.8826824546321301) (58,47,0.8229884654725972) (57,5,0.8503995748568868) (52,43,0.8693566373817785) (59,51,0.8488103886815568) (52,14,0.9426355927823715) (37,6,0.9279038718289349) (41,40,0.9297631139718802) (20,28,0.8795384370314818) (21,59,0.910999890082698) (48,9,0.8132007272448074) (13,39,0.888626464110961) (16,20,0.85129437231258) 
(42,21,0.8078882821498868) (30,43,0.9076093183293148) (9,4,0.8716519544293617) (0,22,0.8668256706077084) (22,43,0.8647139407275385) (26,2,0.8020417044333754) (11,48,0.9157813255546908) (41,57,0.8408461953835893) (36,15,0.7915764432919743) (22,20,0.844482069153299) (38,36,0.8667047692834137) (35,2,0.8954765030503322) (42,41,0.7905392269008308) (30,33,0.9173845011996363) (32,51,0.8731758096500957) (3,49,0.9167438128977461) (22,40,0.9319279109461122) (17,13,0.7515082391061936) (43,10,0.8073331532057659) (38,41,0.9053296595550193) 
(3,57,0.8939869020744424) (56,48,0.8521627879210283) (0,49,0.9498762981095288) (47,26,0.9496398293914143) (36,48,0.8584970261718111) (51,59,0.927757070724299) (13,31,0.8565900021993146) (45,8,0.8000591140531335) (7,38,0.9022597407748695) (32,5,0.8060531319140611) (0,23,0.9255068597555228) (57,52,0.7521036580381028) (56,40,0.8710110253024325) (30,6,0.8216044499894903) (14,8,0.9378528272976817) (56,55,0.8671548359993285) (35,26,0.8359170934924145) (42,38,0.7738433327131773) (5,16,0.7757203401211595) (2,17,0.9335342482091389) 
(51,4,0.7849695694044184) (3,58,0.7860429567011928) (20,5,0.9451544356148529) (54,59,0.81634202240004) (36,34,0.7860727281011108) (15,12,0.831160079976762) (45,43,0.8403617658495321) (6,45,0.8639454876796726) (13,28,0.7731089253972983) (23,25,0.7712530260769976) (3,19,0.8974110052975802) (22,56,0.9356188082959837) (2,59,0.9258778816083817) (9,0,0.751841689632897) (6,37,0.80291475414502) (0,46,0.8843209242010903) (51,5,0.8520805770206714) (22,36,0.9405847867404113) (9,32,0.8262172800781659) (4,54,0.785596715724965) 
(25,3,0.7502732277639678) (26,22,0.812802733051204) (48,59,0.8738062050964577) (13,10,0.9382574963720743) (26,36,0.8566892115578542) (40,56,0.875467771145433) (22,58,0.8775093967339487) (49,6,0.846437899927752) (54,1,0.9286281182905444) (0,6,0.8265685519751651) (34,56,0.8411196738477968) (42,45,0.8737503230807966) (21,51,0.8846651807280772) (57,35,0.9408645120821045) (19,15,0.8369940805306287) (21,54,0.7687927797346041) (11,59,0.8876942845707944) (14,44,0.7588755374328479) (18,57,0.8387342813807126) (17,25,0.864707121475926) 
(32,40,0.9070381175228466) (22,10,0.9269553062831317) (52,6,0.9298695833292778) (45,6,0.7869685672639903) (23,29,0.7605332254638688) (33,17,0.8289305256185293) (8,19,0.8542593445198333) (6,38,0.8587538512298839) (9,51,0.7523940890370922) (45,51,0.9459770831753516) (17,18,0.8596554734885032) (0,51,0.91775263876495) (59,15,0.7823685246903979) (30,12,0.7735081403740838) (27,4,0.8602745397962046) (5,57,0.8016173533234965) (2,7,0.7763850793749312) (4,1,0.7580516732233054) (26,9,0.7613250136406425) (6,24,0.7762667295869254) 
(9,49,0.8930831454148447) (17,51,0.8655207715896975) (20,4,0.8438020405436915) (30,11,0.8339249507611515) (27,16,0.9129150006008677) (2,15,0.9036783182064072) (9,3,0.8433847355982721) (8,18,0.9307115051465686) (1,33,0.9147604956182832) (10,43,0.8532948684815453) (40,53,0.7816536261321495) (17,32,0.8004578506737536) (28,54,0.8164599169964677) (29,8,0.8236483676404118) (35,58,0.8962639399526) (5,39,0.8810235256193044) (1,11,0.869224648685557) (51,31,0.8561392428347807) (13,54,0.8892463498353134) (56,39,0.8203423695840676) 
(30,5,0.8449059477291079) (11,22,0.880164707626602) (10,40,0.806157108595593) (31,16,0.8994103204719412) (45,3,0.9342602596680062) (30,47,0.7944430902780201) (21,53,0.8561109626905596) (52,26,0.8725496567316435) (53,6,0.7724983438072139) (34,59,0.9141230685130856) (20,39,0.9404441826012873) (23,18,0.8254497180492513) (47,50,0.8685034270611928) (53,16,0.7613447828001452) (57,52,0.8551090334252365) (21,9,0.9448576485164636) (41,19,0.9405362565560329) (8,51,0.7957729879677498) (22,48,0.7778814054360698) (11,41,0.8179909248757352) 
(31,1,0.9188039891959338) (46,30,0.7794528353572283) (38,48,0.9395657849747967) (54,43,0.7563583276066098) (45,37,0.7883523693484666) (43,39,0.8394027884807042) (14,2,0.7616823090845058) (23,34,0.9197301380378231) (52,11,0.8841701303552187) (1,7,0.8742038631973115) (54,38,0.885835087745736) (45,29,0.942418854069203) (14,10,0.8057552502152074) (3,10,0.9158082211141928) (26,58,0.9070580536666314) (29,5,0.8971975732707089) (19,20,0.8340337638250186) (19,12,0.7517515130443915) (16,38,0.7858311709030951) (5,12,0.8745936908811113) 
(30,8,0.7843115132069961) (46,25,0.8412682016037578) (50,25,0.7744908578160276) (18,8,0.755462971470534) (36,39,0.9244560346691887) (37,4,0.8205694884750914) (29,36,0.8864390955333681) (3,50,0.7781880599981167) (34,15,0.8141309480429454) (32,35,0.8346991187962106) (55,22,0.8020779211188216) (44,46,0.8331067784996032) (19,15,0.7854665972692123) (52,28,0.8475254319776767) (2,52,0.7614262775991435) (43,47,0.8659579648697528) (20,11,0.7525824711999402) (1,59,0.8119808197928959) (13,28,0.9148613225654707) (48,57,0.7826292660883946) 
(6,45,0.7905399701355046) (13,28,0.8217811832236289) (18,30,0.8999521595740123) (42,49,0.8588449336586842) (10,55,0.8170604861878226) (17,59,0.9309640950573808) (14,19,0.856127238269963) (8,50,0.9034682335104451) (25,18,0.7813145042111929) (34,43,0.8745250153518894) (25,10,0.8832711165922719) (43,27,0.815357716775067) (17,53,0.8797138269283578) (0,35,0.9437027131058979) (41,46,0.8965646276463191) (19,56,0.8652848791484988) (22,50,0.8830012121800815) (6,38,0.7944268144868846) (56,54,0.834964705325191) (27,19,0.78905420133074) 
(0,43,0.7543737008755788) (11,57,0.8814120660543094) (7,24,0.8103210436183644) (41,3,0.8867632726118186) (27,15,0.8244523817304652) (23,27,0.8881245771824527) (27,44,0.8308366146663101) (2,46,0.9411824892674754) (36,44,0.7930212142179752) (44,34,0.9430693832321952) (58,6,0.8937559531849321) (1,52,0.8053670349854406) (34,27,0.8158957792558249) (10,3,0.9021507922465809) (28,44,0.8404607329777978) (30,29,0.754648901932491) (5,47,0.8578963046126752) (17,34,0.9471921394851711) (28,43,0.8210818596674456) (58,24,0.8840551447453695) 
(23,3,0.822806127574075) (26,49,0.9227267557844738) (42,2,0.9364643018904186) (50,17,0.8158659406190306) (29,8,0.8016250377742896) (55,3,0.8375866039019941) (5,2,0.8124501101619314) (25,29,0.8860488113748758) (20,24,0.8303007424084707) (53,59,0.8590400182530392) (39,44,0.854702623930459) (57,3,0.9471625271037323) (38,31,0.8328005757594357) (34,5,0.8921709619981312) (43,5,0.9289513383273216) (26,52,0.8767987138283416) (51,17,0.9389801227948955) (43,14,0.7913843574423352) (45,56,0.7619701886499354) (46,4,0.8191704006053018) 
(57,54,0.8593507439765881) (38,59,0.8791745596310274) (12,19,0.8827434728243175) (16,58,0.8280972166654902) (40,52,0.9309431601989684) (27,21,0.8385895872513484) (40,24,0.8749972207627306) (32,0,0.7517948794206) (53,17,0.903974549670854) (40,15,0.8777866615782317) (38,35,0.7817089740611324) (21,4,0.9287208887122083) (45,37,0.7898547086037255) (29,28,0.9309554275109482) (17,46,0.8874981466449983) (52,32,0.8591353361740799) (35,43,0.9364727486019018) (46,11,0.755366763100795) (50,39,0.7786635063409453) (38,13,0.9170639140531729) 
(38,34,0.8770223426310468) (6,36,0.8121835182523135) (36,41,0.7503451186628071) (54,51,0.7863926346117287) (25,55,0.900147260104446) (1,53,0.8495457789002244) (40,19,0.8386579095945998) (15,26,0.7754965496337751) (24,49,0.8975448785316382) (58,3,0.8822243426214755) (25,27,0.8311910288606932) (18,40,0.8451469467311935) (1,50,0.7601982601039843) (58,57,0.7594120312043361) (14,34,0.7739567519743551) (58,11,0.8915967985584212) (54,13,0.9105412181101623) (4,5,0.7796071188958666) (28,7,0.9086063656479693) (3,54,0.7631785533133597) 
(18,11,0.930132994430718) (17,59,0.8606739723075252) (27,43,0.7576422126176895) (52,16,0.8647980189205066) (14,54,0.7811656763243106) (2,20,0.8349395878072541) (56,9,0.8730752177161101) (48,47,0.8317524422612284) (56,29,0.7782001649864757) (26,9,0.9218038742524689) (30,53,0.9462170074522592) (28,4,0.9002790322892081) (7,44,0.80413340522492) (37,15,0.7535651567176305) (46,54,0.8534330795557121) (6,48,0.9233847369437078) (53,18,0.9253209817866894) (44,0,0.8424948050417105) (14,5,0.9477700754427281) (53,11,0.7833405647049207) 
(18,9,0.9270007255438277) (55,1,0.8812163673996463) (29,28,0.7823067128524502) (31,22,0.7857843945956902) (14,34,0.8993602418217839) (19,54,0.8338598916568059) (2,52,0.8625785761572748) (23,51,0.8785864546680284) (29,19,0.8973108324205044) (0,25,0.8678991755102834) (6,35,0.8418745528237711) (25,32,0.9046833147769566) (57,28,0.781395769936995) (6,18,0.7566143415204675) (54,12,0.7777290984707743) (45,52,0.8242011059038176) (39,48,0.8246543425019446) (4,43,0.8604648208536324) (3,2,0.8920205310943564) (51,8,0.9069702710661828) 
(50,16,0.9198407683541476) (32,9,0.8035106167779597) (57,42,0.9197276513410576) (8,40,0.7625200858997216) (47,0,0.8353381924767953) (51,35,0.8685227594269849) (0,56,0.8330935341366444) (29,44,0.9095694105685439) (52,19,0.8782731788375634) (36,10,0.8069094748506177) (45,14,0.8349085973355854) (7,44,0.7519694323019349) (38,28,0.8951034425173755) (30,45,0.7833154351146627) (18,14,0.86489799580152) (23,52,0.7597378964634345) (4,27,0.7981055559661094) (34,9,0.9278281857469596) (55,11,0.8302853383585128) (47,31,0.8222749783999301) 
(45,53,0.8334115743165584) (14,13,0.891452508520145) (56,31,0.9498330182640928) (53,52,0.8725627747790322) (30,4,0.8499211515471772) (52,11,0.9065095101521672) (59,53,0.783841080708256) (53,40,0.8919080158812172) (37,20,0.8334403252350743) (16,20,0.771414754309287) (10,26,0.7764522623542816) (58,51,0.7940690224912259) (17,20,0.8472391328556045) (28,23,0.8426908558719454) (5,40,0.805013407191367) (33,31,0.7806818762891901) (30,12,0.8168848489048001) (2,51,0.8647834700230522) (8,26,0.7742130296014207) (24,14,0.9230039797228174) 
(32,42,0.9225963066385269) (33,48,0.9324525054905453) (29,38,0.8006056665873109) (52,34,0.7627988999564778) (54,14,0.9100424907761784) (44,35,0.9157891094702546) (28,44,0.90702508293159) (7,48,0.8223877566568251) (49,31,0.9354164795647713) (38,16,0.779289428767248) (27,34,0.7924080438436177) (2,29,0.8150034470667181) (4,17,0.8928903048833333) (51,13,0.7885717295359435) (0,11,0.833444345023795) (50,32,0.9136103123483115) (20,25,0.8745882129121778) (21,51,0.7605916868343555) (53,10,0.8827937580419191) (32,19,0.862936790634119) 
(43,51,0.8777883758790779) (3,20,0.8911424520847747) (0,4,0.8217670260950313) (37,56,0.816246550303336) (46,26,0.8456471650749541) (53,37,0.9176064785167756) (52,29,0.8138748093546025) (33,51,0.9181618405509635) (14,52,0.8222487237211692) (41,44,0.8959029480517189) (51,45,0.9425188740305905) (42,37,0.8454211294581044) (19,10,0.9438988268031299) (8,13,0.8837005876297246) (17,28,0.7925782527430295) (44,29,0.7806425938101795) (26,11,0.811641328461792) (20,58,0.9311320632626391) (9,33,0.7814049380041547) (55,50,0.8271666764551077) 
(27,6,0.924138371946555) (10,22,0.8442049031865582) (22,32,0.9348654709403011) (41,19,0.7818983754666456) (40,21,0.8956563690016806) (21,43,0.808801302363248) (46,13,0.867086595946667) (30,16,0.8467305831832173) (21,19,0.9393832657621777) (30,31,0.920879925628779) (32,21,0.8941036514360773) (54,44,0.879838472259002) (5,47,0.782382237950049) (43,46,0.7779424355559815) (23,36,0.9026622367961374) (5,52,0.8335411999255103) (3,48,0.7705366861570236) (20,54,0.7549186945464033) (21,45,0.7697749043435447) (14,5,0.8568816823586418) 
(59,25,0.7768017993193379) (8,33,0.9134862908587065) (7,35,0.8360109969938896) (13,47,0.9475197394452215) (7,58,0.7932451297504943) (10,29,0.7859081669671101) (25,37,0.7807634558068649) (34,2,0.8954443054082769) (7,19,0.7657670437236594) (30,25,0.8314432373414544) (47,31,0.8270247552274586) (39,46,0.7973025528443161) (35,32,0.8276495883908194) (37,39,0.7984129356846951) (20,22,0.7874767629374944) (52,40,0.8671565750855503) (45,58,0.9276808683672528) (59,12,0.7683444585516732) (25,54,0.7850192069225) (46,55,0.7818780813992239) 
(52,0,0.8119329577121743) (19,56,0.7639124187932634) (22,10,0.7773074295696489) (44,59,0.9454465981880967) (29,49,0.7689914896951716) (11,54,0.8820279595014549) (6,5,0.8402128860336686) (38,3,0.8332355462017946) (16,20,0.7597338227873193) (23,43,0.8732119571315101) (18,30,0.7767398243522214) (51,31,0.7504748255282944) (35,38,0.942470435498126) (48,16,0.9464630234988609) (24,53,0.9201465726159047) (52,44,0.8437186262954305) (40,49,0.9227846841297664) (30,21,0.8687386089279487) (17,7,0.9432264953493038) (31,10,0.9226710477669986) 
(40,52,0.8802567429192444) (55,7,0.9044159770187878) (34,17,0.7554398965109034) (3,45,0.8843850418440424) (26,37,0.8600091813949522) (38,20,0.7798314654512679) (38,4,0.8173059265125125) (28,4,0.8408235423459777) (0,46,0.8557964835707986) (55,38,0.9243116694786034) (48,27,0.8754346973696687) (15,53,0.921673422804689) (5,26,0.8737505203461833) (0,32,0.93859705655059) (9,47,0.9041431196302181) (50,45,0.8222679415212257) (35,6,0.8528886285097005) (37,29,0.7525840010026417) (48,29,0.7585163615676499) (19,22,0.7639750549117151) 
(5,22,0.8515643494899808) (24,17,0.8407758677304262) (20,30,0.8178343642226408) (53,4,0.7646082236135883) (5,28,0.9317142490308) (58,43,0.8050154779684904) (19,2,0.7616538906215613) (26,32,0.8555015457369517) (38,53,0.8358915354610443) (32,3,0.9082186274428861) (52,20,0.7926103240518273) (53,8,0.8285021463382081) (24,18,0.7974925552946448) (57,43,0.8768064590396752) (1,47,0.8297605553500882) (46,41,0.7681817000785781) (30,31,0.8869839017258858) (42,9,0.7744832769392472) (18,0,0.8123888544835082) (5,45,0.8224262946575767) 
(40,52,0.8089088384956391) (28,14,0.9312143726736802) (55,54,0.8384217186854273) (17,40,0.7508837478651458) (50,57,0.8587504817812558) (1,45,0.9131108602578991) (7,10,0.8783990210468456) (3,26,0.7680930658715648) (20,41,0.926546155605161) (43,7,0.8871439361170214) (39,14,0.7626660320951689) (28,12,0.7833325621225044) (42,29,0.819026985817368) (3,47,0.9394681264464598) (20,48,0.7973673696600392) (20,6,0.7808542440947902) (40,35,0.9363700749435024) (47,16,0.7891958586637753) (28,38,0.7983301231208069) (56,1,0.7871760900126995) 
(32,18,0.8093312827877555) (2,25,0.7663078135232276) (51,4,0.8163987741322335) (8,29,0.8156883564742099) (40,20,0.7975179174334938) (52,54,0.8472569229374978) (53,52,0.8100185475940718) (16,34,0.7614091491768236) (3,41,0.8033466554203972) (39,21,0.8037491053146475) (10,52,0.8550836421616789) (31,29,0.888998799494282) (7,10,0.9085165868506859) (2,0,0.8415248643135235) (55,0,0.88612321076851) (3,6,0.8244844518433423) (20,16,0.9286080326481049) (32,44,0.8190312985982288) (23,46,0.8824925621892847) (36,22,0.9006789295443532) 
(30,47,0.8912032927704123) (24,30,0.8559724346106686) (45,58,0.8631342082853332) (14,9,0.8265642184509745) (2,33,0.8753329138501805) (39,21,0.8440271309914288) (53,31,0.7869519753182622) (47,34,0.805722951511845) (48,5,0.886378764134722) (53,25,0.7620625624692695) (23,25,0.8041796895599717) (45,34,0.796526259921158) (55,59,0.9372938079932749) (23,35,0.8721522369405814) (49,25,0.8732810406546613) (47,35,0.9168563823698819) (49,24,0.8205132533199717) (32,27,0.7996128823559591) (18,45,0.8166359980465956) (11,51,0.8052557667312032) 
(51,6,0.9092832905369258) (43,8,0.8035416243187723) (1,14,0.8590983610160291) (36,30,0.8621240477894823) (36,16,0.8712642690815207) (38,10,0.8201257645384741) (4,53,0.8747780537755415) (24,52,0.9455419524735382) (20,47,0.8778009433044703) (58,36,0.7637005469837775) (53,9,0.7992969458031015) (51,57,0.8186956656699813) (42,54,0.9231849421701129) (40,24,0.8470889565447394) (54,35,0.8619079781609605) (35,33,0.7652279861063738) (27,17,0.9176080727849891) (39,44,0.7754925341558244) (31,53,0.8820286591640542) (0,14,0.8899732558837908) 
(38,56,0.790584691413495) (55,10,0.7803401762893991) (43,35,0.7708984024771556) (42,1,0.7689004341694629) (20,17,0.9449673774085943) (34,31,0.7819752740994452) (53,47,0.936310094375019) (36,14,0.7828086573098071) (53,13,0.918676206557835) (37,4,0.920321489840866) (31,49,0.8911404965306862) (33,8,0.9385555400147398) (26,44,0.765724103654979) (23,13,0.9242795509594072) (23,18,0.806139965201786) (12,23,0.8745853769630414) (8,57,0.8293154228545032) (36,6,0.8109464318194339) (29,50,0.8542255518963529) (35,40,0.9271753484765709) 
(11,13,0.8814448964388197) (27,46,0.8818445050617537) (11,50,0.9217626650371809) (54,36,0.7837013541347723) (38,39,0.7687164702400724) (37,31,0.8817003057894852) (48,40,0.8769511259653292) (2,56,0.8350460702668836) (30,39,0.9042243632761645) (8,7,0.937678759132882) (10,17,0.8990184121463316) (51,4,0.803952482751478) (48,23,0.7506291324415172) (21,29,0.7904256404065026) (12,21,0.917212594455194) (18,36,0.868426993726579) (41,54,0.8884702461254701) (56,55,0.8064748473127495) (24,48,0.9050060525954527) (9,58,0.7859760612731435) 
(2,6,0.7767648607455103) (3,36,0.829962850020431) (47,35,0.8840550821734099) (30,29,0.82750266368497) (58,31,0.9418494677362732) (9,10,0.864403398040088) (5,29,0.9385368705076116) (23,24,0.8064926558981843) (56,23,0.8791328632211826) (41,27,0.789554872543287) (58,25,0.8110589860289099) (5,27,0.7930184113319372) (45,58,0.9107392702233789) (45,15,0.7778664554594414) (40,26,0.8506826344931029) (37,26,0.829329984117541) (39,35,0.8796526292554318) (10,47,0.8735694976801944) (16,59,0.7949037130361907) (43,8,0.8955385044056788) 
(27,22,0.83737679291726) (4,11,0.9147544522712784) (2,18,0.9246558540364348) (50,0,0.8145328916476938) (39,6,0.8883406856406588) (12,41,0.9481060954597945) (59,0,0.791095445330029) (1,39,0.8441394595986654) (18,31,0.8195139567618344) (58,48,0.830455626648654) (6,18,0.8959098445105746) (57,22,0.868333155572028) (6,15,0.8651016578513955) (12,17,0.7872178986301747) (26,10,0.9170192897905097) (28,42,0.8128876716655914) (59,34,0.7927884437197917) (24,19,0.7838979630168151) (24,11,0.8884689065170197) (4,51,0.8052287316830891) 
(4,57,0.828074404272601) (30,15,0.9493190964812712) (17,23,0.9369257384089789) (16,14,0.8656465875877307) (7,43,0.7747577685802063) (14,49,0.754446727478396) (18,15,0.8673014761348744) (41,27,0.803471851529827) (44,27,0.7947254509883487) (2,12,0.8076085018599551) (59,23,0.892206698124768) (20,2,0.8432188402368389) (7,49,0.7615735077853011) (45,47,0.8748800203855358) (2,29,0.8497290760818406) (48,28,0.8708803938993827) (51,8,0.8229166907119709) (29,20,0.8606718788481487) (41,2,0.779094427297969) (56,32,0.9156042754268473) 
(25,0,0.8503660541174249) (44,37,0.7509191236038608) (3,42,0.7648921155460795) (30,44,0.7749416778154137) (1,30,0.8734835590680704) (36,53,0.7649337430707094) (30,39,0.7682790541310146) (1,35,0.8638875673322494) (54,28,0.9443172308530838) (50,4,0.927437144359731) (36,40,0.8718322311849263) (52,11,0.8599212558875351) (43,9,0.831412176181808) (57,3,0.9151900866919864) (57,13,0.8548091752407331) (1,7,0.9034794197238312) (3,24,0.9482135312887808) (7,57,0.8035934177914289) (35,45,0.7706497729780565) (32,37,0.911096224388085) 
(30,26,0.7984991757664619) (18,32,0.9358586583420005) (11,54,0.9185780533950757) (0,47,0.82571135695756) (43,20,0.8221679615509498) (42,19,0.7790194321884745) (22,29,0.8804223981170872) (25,38,0.9179555441619272) (52,28,0.7749290827234497) (6,2,0.8364609120945521) (24,16,0.8036285422634104) (42,41,0.8585832970077337) (44,57,0.8717022715147541) (32,52,0.8191665702036012) (9,43,0.9409930546718013) (0,31,0.7967900293314771) (53,15,0.940010780943246) (48,2,0.8932589968378245) (13,29,0.9184477251285444) (47,28,0.9190870954631911) 
(39,36,0.9076573310829037) (18,20,0.7924629378546265) (25,21,0.9328828552738309) (22,54,0.7794393818366069) (12,16,0.9108457171908751) (10,57,0.9349524636245972) (25,32,0.9288844569676529) (55,40,0.8859131736265491) (7,23,0.7760028536596856) (28,32,0.9361597942929811) (21,0,0.7602277400544182) (55,35,0.9467989388575258) (15,20,0.8904713530607076) (22,12,0.8538623006806907) (39,50,0.8862543396125876) (27,9,0.8181394715953996) (47,38,0.8186795829510365) (24,12,0.9421013227108497) (58,19,0.8944762228993453) (22,17,0.7860299007424892) 
(54,6,0.766999740535669) (17,42,0.7732087254279164) (49,27,0.9127947527536429) (1,36,0.9467541082783001) (5,2,0.8467171742884573) (47,18,0.9195472660177696) (56,5,0.9067495948452086) (30,1,0.9083347092314005) (31,8,0.8894501722016379) (21,59,0.8748286416336835) (14,2,0.8403857329239062) (32,31,0.8724355185004009) (38,14,0.8843371642545721) (6,10,0.7844393217454559) (38,44,0.8776806093171186) (46,11,0.8171410365000388) (12,19,0.8774893599712941) (31,9,0.7636031347248485) (32,16,0.9403325794836441) (12,38,0.8983392990351706) 
(51,45,0.8526764433157331) (50,31,0.7894064076383507) (59,7,0.9185129320741119) (21,44,0.7712588968669462) (4,32,0.8346408218319123) (32,11,0.8593731122386002) (35,58,0.9250741644296245) (11,35,0.7843245792251324) (48,20,0.902031965183598) (15,5,0.7797142305207784) (46,1,0.9332335444878992) (54,9,0.8291807807039517) (33,28,0.8771154130510828) (40,33,0.9391672284480833) (50,16,0.8996641400176727) (34,12,0.9124914147109225) (24,13,0.9434669905521424) (57,49,0.753057181919133) (36,50,0.8870721467973492) (19,48,0.8963196029942099) 
(40,20,0.7984173948680322) (5,34,0.9146445791169913) (53,20,0.9254836518634725) (39,55,0.889134366598802) (55,53,0.8865777619894879) (15,18,0.9297056008967803) (45,58,0.8172518116552113) (39,23,0.768037881237048) (3,37,0.9392181497018199) (40,24,0.9135511507630517) (29,17,0.8046855771949084) (23,49,0.9368870805910259) (45,26,0.764558833952756) (30,29,0.8762112030309319) (26,1,0.8885091477188872) (22,54,0.9002346061664147) (6,49,0.8332689691152039) (23,15,0.8973680572238673) (49,26,0.7702458079090009) (14,10,0.9225060853424601) 
(37,34,0.8940355105273604) (37,55,0.7518622404024203) (39,58,0.9486236112952116) (51,2,0.7707864068893551) (15,40,0.904659164482924) (34,18,0.8815171328036944) (24,15,0.7911578318142174) (11,42,0.7964301231014295) (6,43,0.872124967102113) (37,8,0.7785986814379628) (9,58,0.8614928714799666) (59,8,0.8823449620564859) (16,28,0.7733901805218709) (32,40,0.9081721315316337) (17,40,0.7536414633557758) (12,50,0.8507649940304051) (21,14,0.7591989424550287) (34,55,0.765321140188693) (26,36,0.9101921211033035) (48,37,0.8486343085433089) 
(37,46,0.8271879927355803) (0,9,0.846582907344309) (20,16,0.8158001958596177) (15,49,0.8775286027184732) (2,45,0.7906405463300104) (13,12,0.9201221406965011) (10,22,0.7883682220874453) (8,34,0.7835112810936178) (55,12,0.9213567156313025) (12,41,0.8763013387358969) (26,53,0.8161173653441325) (11,39,0.8785546450243318) (23,3,0.9486883078412701) (56,3,0.8327797337800978) (3,12,0.8967319815329053) (51,47,0.9259075640254315) (24,40,0.8744664498775649) (14,34,0.8408151309473139) (44,52,0.9067131613067019) (53,41,0.9144100415772234) 
(26,13,0.8667346717020937) (53,47,0.8456289481366133) (51,11,0.9373982218322469) (26,20,0.8783798191902106) (19,47,0.8497234006520171) (28,39,0.808878087653139) (34,9,0.764244324773669) (55,57,0.7987485725881394) (28,19,0.7565096890154457) (22,6,0.7544439084678682) (31,21,0.8872859660934591) (54,48,0.9348547767927675) (45,20,0.8890281110318317) (42,9,0.7790114510431533) (21,53,0.8392425274179143) (17,43,0.8382877238530972) (16,9,0.918557171410012) (45,27,0.9174872541584038) (10,49,0.772033502449483) (17,36,0.9088133438027952) 
(22,39,0.8221329202447203) (39,45,0.9220809576634902) (58,59,0.8014433604853164) (58,31,0.9019751410916182) (59,54,0.7578590811835256) (45,29,0.8640765331331447) (8,36,0.932588902040676) (28,9,0.8719991107523134) (46,3,0.8257034940781147) (11,40,0.817090519233892) (42,24,0.7595752798692664) (51,12,0.8021276504747104) (40,24,0.8172755284619893) (1,15,0.9191409564397868) (26,59,0.8919100965915805) (52,1,0.932612605480903) (17,47,0.8547603346428319) (21,20,0.7789960229444838) (4,20,0.860104118916388) (12,25,0.945154313415153) 
(42,39,0.9428152292412878) (37,15,0.7667327898729428) (50,45,0.8553040161811303) (46,27,0.9155181907782793) (0,41,0.9248645331977321) (15,21,0.8627180623382867) (7,3,0.8200987720626358) (54,23,0.8136582031361044) (38,32,0.934247801302241) (5,22,0.8207590732538951) (59,49,0.9291159654641316) (34,49,0.8766319867563991) (45,4,0.7649750004664816) (35,51,0.9198659414140775) (24,52,0.8599862848704225) (52,31,0.768772636622352) (0,57,0.922319140562585) (48,10,0.863389934318593) (11,13,0.7986147545830552) (1,40,0.8764410222704287) 
(58,8,0.8790623154771884) (45,5,0.8989370305333315) (33,25,0.8858774506512447) (27,44,0.9478708207831184) (52,41,0.7946121103196847) (16,27,0.8750158532847799) (59,13,0.8353991132667333) (50,7,0.8968316168763839) (42,13,0.77049567509458) (35,22,0.8497220761274298) (32,14,0.8300146485634008) (10,1,0.7983441705439968) (9,4,0.9148699244331379) (51,24,0.9031020740680192) (52,7,0.7712452389776253) (17,23,0.8036986584634161) (44,10,0.8265664165655934) (40,25,0.7521789477484634) (46,11,0.7630098179540782) (57,56,0.9177162908115672) 
(11,51,0.8609158212882241) (14,9,0.9148669216002838) (40,12,0.7803553686038308) (59,13,0.8219557770601812) (21,39,0.8439329566180954) (2,59,0.8880912345590638) (22,58,0.8631237420921594) (0,54,0.8018516825752795) (8,32,0.8488349435948046) (50,29,0.8154722995378668) (59,36,0.9087444781073029) (17,30,0.8074664687046338) (35,45,0.8090378881186788) (51,21,0.8000855514203172) (46,28,0.8366242915243659) (5,52,0.8366463490406405) (20,58,0.7563928471441707) (30,4,0.8325626388411502) (25,50,0.8788192697311622) (6,16,0.9162976337534007) 
(51,0,0.7925941137035009) (36,8,0.8216579742146375) (21,33,0.8590335326893366) (42,12,0.9228667646648808) (37,49,0.9215531400725769) (18,6,0.8178646404017748) (6,42,0.8981903924821826) (47,46,0.9223671384071767) (24,10,0.7833200726870908) (46,28,0.7756676660891088) (41,44,0.9244471416389898) (1,44,0.9479471335264525) (51,28,0.7854006313981936) (35,10,0.8844254877891664) (5,11,0.8684385012378687) (13,18,0.9211682809025248) (56,38,0.7679955570163461) (28,58,0.7841406520654526) (6,44,0.8086335313480276) (6,25,0.7832121312372105) 
(22,6,0.9133300289382162) (17,6,0.8376381061755647) (44,57,0.8467946279748757) (52,58,0.7793198367470591) (33,12,0.8371502561116201) (57,0,0.8141949049918745) (20,31,0.919994776011304) (34,29,0.7534723667653401) (11,56,0.8407464963916804) (34,38,0.8988009339988031) (16,17,0.837436571931765) (0,17,0.8660459236171193) (31,38,0.8626110766694397) (46,36,0.7923570055035473) (41,21,0.8338747692094924) (57,4,0.7521769368207427) (5,18,0.9327069084645847) (3,53,0.7843044819134856) (37,31,0.8273935739122329) (25,31,0.8025572102372119) 
(10,41,0.8513293269019527) (46,43,0.9152759937404085) (31,17,0.8861630897362717) (22,28,0.8842228003970647) (19,6,0.7717722006209659) (2,20,0.7529793585068564) (45,8,0.9172352599663849) (30,23,0.8767582605331798) (49,32,0.7771924529768939) (37,26,0.8498803832727838) (32,28,0.927789801998213) (54,23,0.7531096915585236) (3,24,0.89454882238907) (12,3,0.7596246810501054) (38,34,0.800478956702605) (11,15,0.8740200945544974) (53,17,0.762123829600618) (55,26,0.7610078745013753) (44,55,0.8372715080731775) (59,42,0.7592914889545743) 
(56,18,0.8480387085097004) (40,51,0.8019070339013352) (17,28,0.9049523032253296) (47,45,0.8355145862710166) (23,27,0.8768231610328596) (2,45,0.9489077437231112) (55,41,0.8278764701669614) (19,9,0.9132322055249047) (30,35,0.8491903573016398) (2,25,0.8260448272537719) (21,22,0.835219881203169) (9,36,0.7658221949322611) (21,2,0.9433947632641038) (52,40,0.8350167533218338) (44,27,0.8652895358135952) (10,37,0.8091316783272209) (45,5,0.7632190338588107) (23,32,0.8675617197367458) (26,30,0.8342570277684566) (25,8,0.8788388613392552) 
(52,37,0.824298597914738) (19,26,0.9370550144347658) (36,27,0.8650418515338338) (10,44,0.9486049413357305) (39,16,0.8774571150079779) (40,26,0.8650482891873061) (27,13,0.8857582505271626) (48,16,0.7942261394315564) (46,20,0.9485314125335707) (0,41,0.9018651343337456) (24,38,0.9198493312313882) (18,21,0.7613780634055575) (3,48,0.9363076051845953) (29,42,0.759832657921821) (50,37,0.8220320881665635) (58,46,0.8536524018357894) (41,16,0.9312292858274444) (34,55,0.8112705856152465) (48,32,0.8694056849596781) (49,0,0.9206601384400733) 
(0,50,0.8515571512257001) (17,52,0.8139152268744243) (6,50,0.8246855653902249) (1,22,0.9168915949547685) (0,35,0.8385261555158092) (7,31,0.7689121130150436) (14,48,0.941116494821251) (32,26,0.9161217053812891) (48,32,0.9387416260129099) (54,28,0.7923182695928894) (51,32,0.8246289504632337) (53,12,0.7937478338070512) (41,28,0.7504389040012475) (15,16,0.9254744367000153) (4,46,0.7889601796604601) (39,59,0.8432815822829629) (4,7,0.82924389585549) (16,24,0.7689634007061313) (42,46,0.9061979227098967) (41,30,0.9142856385146872) 
(25,1,0.8089158016318054) (41,18,0.9237566869016922) (30,8,0.8566319980203734) (57,9,0.87306874461032) (18,15,0.9019994531016642) (27,51,0.898273404869814) (44,47,0.8667846832691051) (37,9,0.9441558302405351) (12,36,0.8410980126762557) (6,11,0.8593204023746571) (29,5,0.8038589963002822) (1,28,0.7937292394417605) (13,49,0.8860935954417235) (54,23,0.9228100357502892) (26,24,0.7806852003303294) (49,46,0.8808292559086747) (45,1,0.8723266056775143) (13,23,0.9039214761695102) (6,26,0.905270803118812) (6,24,0.9488962058090932) 
(54,21,0.7543854819754905) (9,16,0.8524062330291308) (38,20,0.7790457423876884) (29,26,0.9048741550825117) (27,43,0.8584994295655096) (43,45,0.9326120212188123) (38,17,0.8856784223296045) (59,19,0.927721275712436) (28,55,0.7717654184080489) (3,7,0.8807022603773782) (38,8,0.9338002783659949) (50,23,0.8400434450267206) (37,54,0.8546255702604983) (24,47,0.775828486141365) (2,0,0.8874453580457513) (51,45,0.8548770509747956) (52,13,0.8745845701457134) (6,16,0.7601669305068001) (45,34,0.9461802320216794) (59,23,0.9287808448386529) 
(21,46,0.898878962848265) (48,59,0.8937104914174341) (44,14,0.9148963910378258) (28,48,0.9388476962173515) (32,19,0.888333616238913) (45,32,0.7776688776447422) (4,0,0.916514863842252) (53,33,0.937768221306703) (56,32,0.9263390719828044) (43,9,0.9047093243711227) (29,50,0.842054688910797) (24,45,0.814954095734719) (52,31,0.8330298962990738) (21,50,0.8521292025484369) (35,52,0.8176929530769759) (30,40,0.9390214538991359) (20,15,0.9221155435086377) (47,57,0.9134155317163952) (44,26,0.8672529104682993) (33,59,0.8311731034647214) 
(27,12,0.763424082733443) (36,31,0.9313464322585419) (18,0,0.7930060926041923) (0,3,0.8461299264842052) (23,2,0.8618993726945847) (31,29,0.904139269949001) (9,15,0.8881281429278749) (13,15,0.7848937806429075) (20,58,0.7614237427221417) (30,41,0.8787995895955776) (49,22,0.7877266272162452) (11,6,0.8233138470821932) (50,2,0.8296422785007533) (52,17,0.9134826681133598) (21,3,0.8500265022256873) (35,22,0.8835174683707787) (21,27,0.8473525566323864) (22,43,0.9099918292719603) (53,19,0.7731404934931688) (25,42,0.9411812032634478) 
(19,26,0.9399469929924097) (58,41,0.7574623842115611) (57,32,0.8735615285932306) (57,10,0.9403103242385412) (17,21,0.8821096103323288) (25,20,0.8138557734619495) (19,43,0.7722316172115663) (10,11,0.7572552899472872) (54,5,0.8757840738700191) (36,18,0.8587870276748361) (16,19,0.9242757646743097) (34,43,0.7862993798077409) (8,38,0.8055652155477868) (45,8,0.7642425907616068) (31,4,0.8222659593270145) (54,45,0.8638814210976087) (51,1,0.8315699696891578) (30,51,0.8016579281777629) (27,29,0.809458433019641) (18,31,0.9337599238054565) 
(4,15,0.8610721896877377) (7,37,0.8009952256939803) (46,55,0.8116519749008861) (16,40,0.8201456290612457) (45,22,0.9400907694380323) (19,39,0.8222421962243598) (27,57,0.7601475517441733) (49,21,0.8896148063465439) (53,28,0.852534278020241) (35,7,0.7948650542012738) (5,22,0.9077616195992908) (30,15,0.8834284451849298) (54,47,0.8950431358430583) (7,59,0.7851915274624868) (56,6,0.9372443831973862) (2,46,0.8098344785861565) (34,30,0.7765034383044702) (13,7,0.9089666964174421) (9,36,0.9419977257325602) (55,17,0.9372332201563821) 
(35,56,0.7579547509729122) (3,23,0.8171345776317407) (46,14,0.7861768543458929) (21,10,0.8879182365522172) (10,11,0.7726771936433325) (56,11,0.8446165016517649) (38,56,0.9013373625552807) (40,18,0.9449849484922561) (26,16,0.7779155842354847) (33,45,0.8766398216389026) (20,21,0.7890082510494874) (51,3,0.7957863340043931) (3,20,0.7705686627585082) (14,57,0.8179140317728875) (29,39,0.8731921279194046) (59,49,0.8399828278541263) (41,50,0.8740542389540046) (23,52,0.8127783753221589) (39,54,0.9344535352050227) (50,35,0.8980212549507336) 
(31,27,0.7608441814712984) (22,19,0.8320565311697873) (24,25,0.792205356693911) (46,33,0.9418120845365934) (34,37,0.91743649997241) (40,31,0.8334850936088729) (25,53,0.8023291110060644) (52,26,0.7583712965533793) (56,12,0.9251675132133869) (8,17,0.9480698357741414) (52,12,0.7631363271114797) (45,17,0.7741269973299234) (11,31,0.8899784314658397) (1,44,0.9179045044178737) (24,56,0.8677473987517117) (6,9,0.8330823286639794) (22,20,0.7623890211505883) (37,49,0.7843132379108204) (40,30,0.945945661688964) (15,47,0.8330490452799536) 
(8,0,0.7755573849983655) (37,48,0.8844555359395173) (45,54,0.7522066258544037) (24,56,0.7735352123087554) (49,28,0.8679255840424609) (17,6,0.9461863862021954) (45,43,0.7946153225752223) (14,57,0.8685586527562721) (34,6,0.8240212894727096) (31,1,0.8874143244740251) (37,24,0.9175854407625825) (15,26,0.7911609073600414) (40,5,0.9438097343369413) (52,14,0.8270568437627259) (58,25,0.8797447426791782) (6,3,0.7856703696782664) (2,6,0.7983498975561854) (34,37,0.8561406158077283) (8,18,0.881123840201264) (14,38,0.7545591005022183) 
(43,57,0.8122137512164775) (51,36,0.9130463618513378) (13,55,0.8655376088714165) (1,36,0.821221762034186) (21,2,0.9027418997250836) (15,11,0.8954932844773235) (33,5,0.7577743622837496) (49,46,0.7638726986847728) (30,14,0.8043247787043184) (49,14,0.824386418749434) (15,42,0.9013763664263074) (56,0,0.7715992690838706) (20,47,0.9176228153187701) (6,27,0.8762537208232573) (45,16,0.8959588497420572) (45,31,0.752927185972126) (18,49,0.9083921599875796) (54,16,0.7828046392876835) (12,48,0.8487907917664005) (31,39,0.8502504410525344) 
(8,52,0.7549650417829903) (43,39,0.9258483275982701) (47,20,0.874346587801628) (59,3,0.8469130468447793) (49,41,0.7638595787961372) (37,23,0.8185208355469726) (46,59,0.7964947226333622) (12,7,0.8943151797447457) (17,36,0.7520377386677329) (49,15,0.9459284775939535) (6,51,0.8355524336704633) (3,8,0.8887140409441855) (1,2,0.792398789786658) (15,41,0.8257267988832321) (11,38,0.9359925343791552) (24,30,0.7667305714727547) (47,42,0.8198017425667211) (3,57,0.9023198289593698) (45,8,0.9453023076834264) (1,32,0.8858951096503463) 
(10,21,0.9346462725575415) (45,16,0.9086229609618712) (21,32,0.8563476725951683) (10,37,0.7758451123002701) (29,7,0.9185844301279967) (3,32,0.8858949397216818) (47,1,0.8359127940165734) (42,51,0.8322046221513992) (50,59,0.816200483869026) (27,30,0.8523112488417183) (2,39,0.821740347456902) (32,40,0.826592540275299) (4,56,0.8522593720398017) (38,18,0.9416933414314128) (38,23,0.8114889254721391) (45,48,0.769014798215234) (54,57,0.9227446831340693) (5,9,0.9335493092686398) (33,47,0.776559159475735) (23,52,0.8695476943172064) 
(32,50,0.8600985097268732) (11,41,0.9066319688400126) (34,19,0.8298893165457781) (29,46,0.9298577940285225) (54,46,0.7532017405119726) (4,30,0.8087665429282745) (52,22,0.8553634286516351) (17,14,0.8559644701106043) (33,35,0.7989310854975412) (0,57,0.7627763205973367) (42,5,0.8978103461242103) (37,45,0.8509629513354049) (16,27,0.7928865732296098) (3,11,0.7897591413112159) (58,35,0.8030688753851094) (37,43,0.8196395893349621) (35,11,0.7720456021283985) (6,3,0.9224397835502414) (48,26,0.9414730590050521) (25,20,0.7773126350169554) 
(6,29,0.8953324637432887) (57,3,0.8566470222214887) (36,11,0.9145903913283837) (42,26,0.8973796137420972) (10,41,0.7909886513240313) (6,23,0.897117497305525) (15,38,0.7984786466399267) (37,47,0.8033023435369163) (26,21,0.7580601690687914) (40,31,0.8108079221233235) (40,26,0.8952093313012405) (21,52,0.7823847547828052) (47,57,0.9372280068795265) (27,47,0.8299479550220729) (34,11,0.8942634737012576) (41,24,0.8622851080829699) (29,1,0.9122369469988079) (58,35,0.8685449237694058) (47,18,0.8251574309727892) (7,0,0.9129828907583699) 
(17,23,0.7524433214085959) (58,43,0.9284019237808893) (42,21,0.7551346904202861) (57,51,0.8137208206802199) (39,25,0.8314142893102547) (20,45,0.7887984013704068) (48,21,0.9033998295729627) (27,4,0.8352420646215744) (46,12,0.7827590406763466) (48,4,0.861667495019896) (55,43,0.8546331431762525) (42,49,0.7710499819035451) (40,20,0.7743889238947587) (10,33,0.7684368618574446) (56,26,0.8055550856616114) (44,4,0.7933429880349594) (41,58,0.8558473345604323) (36,16,0.8673575820943739) (42,23,0.883632155025383) (15,1,0.8361742406144138) 
(34,57,0.9258875718169466) (44,17,0.8998233741640289) (59,5,0.9150662045269823) (4,40,0.7526336134886105) (57,10,0.8707414278858568) (40,58,0.8036626077129568) (23,7,0.8835076253540449) (40,33,0.8080538429816704) (4,37,0.8126892273313635) (24,49,0.8811735147882912) (56,7,0.8890857880062871) (28,5,0.7563933801807313) (49,16,0.8521234816467234) (3,58,0.8436491024133563) (29,36,0.9445065649741309) (39,49,0.8326826912851591) (36,34,0.9485000288776613) (18,34,0.8680121149164666) (11,28,0.8221348250385099) (30,16,0.921906485775261) 
(8,59,0.8392926932074537) (15,37,0.886912586588136) (43,7,0.9291777573399398) (36,51,0.8491247488234156) (6,50,0.8971429353214195) (35,12,0.8351035959516112) (42,43,0.8535127978883925) (59,20,0.9152503848898528) (5,25,0.8035293211563075) (42,18,0.8194860098678436) (3,2,0.9152436846721835) (35,8,0.7693052831836731) (13,59,0.7956643211582068) (56,23,0.8786192589729267) (23,14,0.7990899197092225) (51,45,0.8396556284614642) (8,54,0.7988749466720959) (18,23,0.831554558972388) (5,26,0.7585110712344693) (40,31,0.9058908147370484) 
(53,4,0.7594045279780524) (32,30,0.790423075923934) (59,40,0.9254868205956421) (9,14,0.8015851073126461) (35,21,0.7774466309054219) (25,1,0.8879800909960001) (1,31,0.8666703191813674) (59,0,0.782758409596059) (36,34,0.8882702943992811) (41,6,0.8446754318841341) (11,31,0.8542597379439727) (37,11,0.802452565515594) (52,19,0.8326924958845556) (7,58,0.8937021819899221) (5,35,0.788997615999836) (38,52,0.9005051519829013) (0,19,0.9441100605316095) (36,11,0.751323784609211) (55,24,0.8039619909686382) (37,55,0.8103273726735035) 
(46,29,0.8890567188196304) (13,34,0.9209682566905419) (44,22,0.7633210114754667) (4,31,0.859293533754769) (44,27,0.7929506005152476) (1,27,0.8730188904363573) (50,4,0.7725494971496467) (2,55,0.8811566748120828) (32,23,0.9376184760917885) (3,57,0.9228854686224574) (36,48,0.7531924854033828) (33,48,0.945556141357131) (49,32,0.7634154296435738) (0,23,0.8745567547961884) (51,12,0.7876138170703277) (46,55,0.8499162420877368) (32,57,0.8650911285048131) (9,25,0.7931490288164298) (45,20,0.7776490064903746) (39,5,0.9207784315599006) 
(28,24,0.7695398202935657) (55,13,0.8400208891578659) (43,22,0.7684315322851116) (51,56,0.8206670878238327) (8,5,0.8677527516862742) (4,47,0.8505578230528497) (58,16,0.8257282327854327) (23,48,0.8877261543716874) (20,25,0.8751701490692452) (36,47,0.7975664634512895) (26,22,0.9047001423125616) (46,50,0.858374212935506) (54,25,0.789223941271191) (39,17,0.9043241423477211) (39,43,0.785075080912991) (7,47,0.7742589611208801) (38,56,0.8742047499425013) (45,21,0.882918668011256) (30,59,0.8746281312176566) (22,52,0.8392996721608753) 
(2,54,0.793433982640476) (32,47,0.7945159875261176) (36,30,0.7991639067856385) (0,15,0.9017806214173116) (55,42,0.7625989133240725) (47,56,0.8948252746936367) (18,34,0.8795033373028347) (12,38,0.9479543199069278) (16,29,0.9305929481043924) (12,13,0.9438997762599063) (8,12,0.9072100258155616) (20,24,0.9493561002185289) (30,28,0.8072336307997855) (5,33,0.9172076488483744) (23,52,0.8644923779473112) (52,42,0.8669330492824492) (31,6,0.8562638409284252) (7,41,0.914837861707249) (13,32,0.8208013778901481) (27,12,0.7811939291355232) 
(58,47,0.8908189945938776) (20,21,0.857333469384094) (56,25,0.8218554516284944) (40,26,0.9089010701107776) (51,24,0.8858675219716576) (9,23,0.80837140424292) (37,54,0.7764175301345989) (1,30,0.809177989150492) (22,10,0.7936380575239758) (49,11,0.765907437060498) (1,39,0.8342680240927773) (6,55,0.8526486829301704) (11,2,0.8173512807050807) (50,53,0.8213647903046117) (47,42,0.8478145567667094) (25,19,0.8264952792630487) (10,26,0.7810832019491096) (44,36,0.892226372960396) (9,44,0.9420655193000306) (16,33,0.9463195229575712) 
(12,53,0.8026688863670909) (6,33,0.7682450776848695) (43,39,0.8908518793840421) (43,52,0.8750661360776286) (50,51,0.7767528201392523) (4,8,0.8095555923217244) (9,40,0.8802691844740611) (11,52,0.8096620668557598) (34,18,0.8888802491206869) (1,0,0.7898472896427825) (23,54,0.8796101663522915) (16,54,0.7841542166941873) (24,17,0.7911399111395809) (37,3,0.907384813553556) (11,56,0.8917146094591872) (45,49,0.9477437608635606) (2,49,0.8044221531345618) (21,37,0.7860443254983409) (37,16,0.8132046134633011) (50,4,0.9217412270610327) 
(7,11,0.9354634989015047) (59,33,0.8793172296527274) (26,45,0.8937101418647357) (47,16,0.909637327320462) (3,54,0.8054463682147681) (7,45,0.8655264816436593) (17,25,0.9000063951894471) (36,16,0.9145497201905711) (13,16,0.897787431143588) (39,58,0.8382995201892477) (11,41,0.8280791691019844) (51,45,0.8539561989280626) (15,49,0.868541725727581) (14,37,0.8156689523515543) (52,24,0.9483140501910253) (30,10,0.8965582491392621) (5,52,0.795135548489021) (57,36,0.782503816871782) (51,4,0.8154966284849685) (56,35,0.8401656682311187) 
(12,39,0.7879756925054727) (43,39,0.9289821899405675) (30,35,0.8380289994993956) (53,50,0.8756356060113586) (23,29,0.8452310611381906) (12,3,0.8379451081015347) (11,9,0.9220160734723989) (17,35,0.7702868677281671) (24,3,0.8041055953803384) (36,38,0.8103816466238082) (28,48,0.7845097132101931) (40,41,0.9388581790915513) (9,18,0.7821327420796156) (22,42,0.8748978955595919) (4,23,0.8656396163742852) (8,25,0.7802595939577387) (46,1,0.8669420710364539) (28,34,0.8784147723675586) (5,12,0.8841528888893169) (34,23,0.8640557053686023) 
(15,59,0.8395501726944028) (30,4,0.8205500789398695) (6,7,0.8291965363792055) (44,38,0.8684788389661323) (48,30,0.8202601851932718) (5,1,0.7549317381578088) (32,21,0.750753364655624) (15,57,0.9496430161236532) (14,21,0.7864501039933146) (47,32,0.8218376349006866) (4,39,0.844785982756398) (20,32,0.8926295570737504) (13,1,0.8878902454952808) (12,45,0.7760359928297276) (18,48,0.8965240400552844) (23,22,0.9360216902464187) (25,59,0.7924485478387532) (55,5,0.919933065112467) (32,5,0.7581034521183443) (3,45,0.928316135344604) 
(20,56,0.7829686178859746) (37,15,0.9044494313119116) (47,38,0.8589216122058156) (52,8,0.8024163940651792) (59,17,0.8210429388012369) (46,50,0.7825141727178889) (50,2,0.7628995818832828) (10,47,0.9029009778704563) (35,15,0.7979521999785164) (20,16,0.7739193452295672) (49,37,0.7805712121387298) (35,22,0.867805077899015) (37,45,0.9052490169214487) (54,30,0.8652308448071747) (37,32,0.9283347183098205) (43,4,0.7525686756343053) (12,26,0.8981120812784382) (53,24,0.8390415273760959) (1,28,0.9090841234450417) (44,28,0.8106498425366331) 
(35,53,0.8756914332560097) (58,38,0.8429400985817593) (51,59,0.8438681815748953) (34,41,0.9355443991043408) (3,57,0.8966357342391655) (44,5,0.7689136324610567) (0,56,0.8791284349765531) (37,22,0.866997752406652) (50,38,0.8743522700661299) (59,27,0.8430254165743462) (2,50,0.8435746976773587) (28,55,0.90304447546372) (46,30,0.8782387332782691) (40,30,0.8049456107172918) (10,42,0.944805090202028) (8,21,0.8611936258861933) (15,42,0.8701600318073061) (6,29,0.7904956089574482) (14,9,0.8133052096977307) (0,45,0.7617284870751467) 
(33,14,0.8550329703085932) (14,52,0.8742720646880107) (24,10,0.8863825611080216) (17,52,0.8309074733390743) (38,33,0.7953366018384074) (15,9,0.7848604826067197) (24,37,0.9325688718201668) (18,31,0.8038445243060295) (12,48,0.9418436548939537) (22,49,0.9350522137865003) (13,44,0.8319111334616268) (50,46,0.8331480138517852) (34,41,0.7965489955567798) (40,18,0.8894080332326975) (37,41,0.8398838811253694) (49,18,0.949271317890836) (11,47,0.9163954381038221) (19,4,0.8287371750230085) (1,14,0.8016536237696713) (27,46,0.8672386792533874) 
(13,1,0.91346428153923) (57,25,0.8093787595923596) (24,47,0.8083606396836681) (13,18,0.7678789398190777) (51,5,0.9475679981360302) (22,47,0.8531714966213227) (33,53,0.7880305736796807) (22,35,0.8615135371750913) (14,47,0.873755229490364) (37,47,0.876674007690661) (11,40,0.856342072207083) (32,28,0.7832939369615994) (53,51,0.7689845976776346) (19,29,0.8257345644092089) (14,24,0.8379622329602944) (23,10,0.947463319546206) (49,9,0.8012722706610874) (48,4,0.8125550100893459) (58,36,0.7758268349976923) (59,14,0.7506912109726099) 
(9,29,0.8338206837750342) (35,39,0.7731806111880909) (8,49,0.8635379641196814) (28,58,0.8323110560355971) (34,16,0.8368585947693626) (5,7,0.7849281249444919) (5,49,0.8814295814970128) (37,42,0.8401770125140038) (37,4,0.8393293419277809) (2,59,0.7543564824479989) (22,51,0.9050776226310215) (27,31,0.7500369523490401) (30,0,0.887464281285334) (19,29,0.8541697505982334) (43,52,0.8451061806685227) (6,49,0.8469338367431014) (57,48,0.8591193282205003) (38,42,0.8323230059659286) (8,14,0.9446525130508507) (15,42,0.8293447406984409) 
(1,54,0.7608069653053103) (53,11,0.7848171947997069) (42,48,0.8746992042693251) (50,45,0.793833295298928) (12,30,0.8824969756750087) (37,48,0.8792365796462815) (52,38,0.8694304377098868) (5,14,0.9480527622764993) (7,20,0.8381509532481298) (15,37,0.8510949611232235) (14,58,0.8435933748229291) (2,46,0.93594171483583) (38,3,0.9157946795748976) (18,26,0.7776336434505431) (41,8,0.8934027722202621) (36,50,0.7837769520129272) (5,18,0.7590244848191763) (19,51,0.8089837622226181) (35,21,0.7512118133228124) (49,22,0.7501270015332864) 
(2,39,0.932331192356419) (25,3,0.8809335216542027) (7,50,0.800419271095663) (30,4,0.8422014798763108) (33,28,0.8008420556610594) (40,53,0.778685477074768) (44,22,0.8402347450973093) (42,51,0.9353579013255149) (1,25,0.8439184197422274) (0,20,0.9092378617749636) (6,13,0.7746430697358456) (0,12,0.7736882752936859) (15,58,0.9028698617096954) (55,28,0.7763112790363834) (59,44,0.8813585602148823) (21,10,0.7827839909637548) (31,33,0.7534549856345124) (0,40,0.7643936713139642) (59,48,0.8993158026970959) (53,5,0.7802620828148099) 
(36,50,0.7856829840420783) (33,49,0.917213145150241) (19,43,0.8724572675265235) (42,6,0.765314594914348) (0,22,0.9437293472309447) (14,29,0.9052901016449333) (12,57,0.9434728841960496) (54,36,0.7826811698672456) (25,26,0.8069548843556849) (26,56,0.8712136579133444) (25,5,0.8956780426013078) (37,36,0.9234516228079575) (1,46,0.8524979826475881) (28,37,0.9486290619442989) (1,37,0.9316082523067458) (34,26,0.834809055192028) (44,9,0.8245842999284498) (2,22,0.8521872216752262) (48,16,0.7964043781275532) (19,11,0.8504300746891512) 
(35,53,0.910644058274543) (29,21,0.9323803725350982) (57,28,0.8079863160178457) (18,37,0.8135553228955483) (52,16,0.924371802818021) (25,49,0.8575818402164274) (9,15,0.9010308557030801) (19,21,0.8912907541293684) (11,12,0.8172794639996973) (34,2,0.8925833816160744) (20,54,0.8290955657950722) (10,48,0.7920946493752481) (56,30,0.9197295951102447) (40,26,0.8105676610439834) (19,59,0.782470534818546) (59,35,0.9050039111219222) (17,54,0.882370631059744) (5,38,0.7835369756300803) (9,2,0.8345764893265546) (45,3,0.7688423999135282) 
(35,37,0.8629869838094302) (29,25,0.8487925749324957) (59,48,0.8828245283488863) (7,4,0.7695526620850919) (37,45,0.7775226635366398) (25,28,0.8914440963537836) (1,19,0.8161596510932643) (43,22,0.768714975819262) (30,53,0.9199245775540155) (14,39,0.913968721076851) (37,1,0.8692259698039788) (47,29,0.87096086791491) (59,0,0.8677945023199167) (30,39,0.9115564201337913) (58,33,0.8645949382764464) (17,11,0.7530643130113225) (56,7,0.8208315032007764) (34,31,0.925048524281445) (19,35,0.78188758002519) (28,3,0.7540229213533595) 
(14,47,0.8102403964255918) (51,14,0.8146748273441531) (26,55,0.8805172951958871) (47,38,0.8894251151335506) (21,26,0.8493197247202207) (2,16,0.8446493710098468) (40,17,0.8619557903983116) (32,54,0.858163829706739) (43,15,0.9204656257692795) (4,10,0.9419273978433349) (14,31,0.9496175667180102) (49,29,0.8129437518289668) (54,48,0.7616974589174558) (59,18,0.9147589441619896) (53,46,0.753521585937432) (33,36,0.8721687784797285) (3,0,0.8827794749987272) (7,14,0.9207930188862994) (37,15,0.8987715048282753) (11,14,0.8872836589606097) 
(26,33,0.9360661296079573) (5,13,0.81552120842266) (46,37,0.8186457400379955) (34,55,0.9111704924881134) (6,9,0.9106467256046235) (55,6,0.8117961470768127) (17,21,0.7532452021320741) (44,12,0.8203396960998036) (1,24,0.7804493308545514) (46,44,0.9492180767900212) (33,42,0.7714746781318954) (26,35,0.8836576347723616) (55,1,0.7809226309340827) (38,10,0.7796842711211516) (18,39,0.8149750458823413) (18,42,0.8142992660322595) (36,18,0.8664033324849751) (38,0,0.8633287458407564) (39,22,0.8936945897410022) (35,5,0.9099704194854399) 
(8,51,0.8950282223016413) (48,19,0.8015738589104263) (29,15,0.8437542283281191) (53,0,0.7724094809836658) (0,22,0.8534504264669244) (6,2,0.8552068442366509) (54,22,0.9130233368811138) (54,57,0.8315427336800965) (44,25,0.9286824262480569) (1,59,0.8188508415044239) (15,27,0.817933316825162) (1,40,0.7688270568638442) (25,39,0.8998404792742268) (45,24,0.8474367841466952) (41,28,0.9392677000671659) (33,7,0.7568311616135626) (27,10,0.8130930737321282) (1,41,0.7771099393796398) (59,39,0.8249198550385112) (33,32,0.7505330521254744) 
(42,12,0.8446469298317271) (24,53,0.9374353278171216) (52,56,0.7556825099616744) (37,14,0.8672678443328516) (0,26,0.9404966069236544) (10,8,0.751277014829305) (56,39,0.8995861473783826) (26,56,0.8935212118946473) (43,51,0.8590262336720123) (34,37,0.8947547990474963) (4,13,0.838120749371494) (58,0,0.8036815300765157) (41,34,0.7669582171290126) (51,47,0.7743312475993276) (19,28,0.8719137276411031) (5,37,0.8254383020965035) (18,55,0.9131535053101729) (23,46,0.9471990100993289) (49,7,0.8939320909526756) (27,15,0.8157914962053063) 
(29,12,0.8087491672533725) (44,11,0.8615623097566274) (52,47,0.8417756918978132) (31,22,0.8738926210772942) (23,49,0.7582580097713556) (3,49,0.8620105196239394) (30,8,0.8586071534484497) (38,29,0.8068290832563344) (46,47,0.8869824058738902) (30,2,0.8387811264930666) (48,36,0.9182433701577257) (26,14,0.7668199369917725) (32,58,0.8834532332339828) (8,27,0.9467915573301469) (48,18,0.8633634957605941) (4,40,0.860080676107872) (11,30,0.7833856508318608) (37,58,0.7976507643292522) (15,38,0.9421390670385564) (12,35,0.8647379080066107) 
(37,2,0.8774254655455833) (5,56,0.7895399232751417) (47,27,0.755934573842196) (19,18,0.7975075932573332) (7,23,0.8561292243663262) (48,11,0.799475965836332) (13,5,0.8060229200249089) (37,22,0.7931473779015904) (53,59,0.9403819414880419) (56,34,0.8115514378644519) (42,57,0.7524770817258484) (15,9,0.914149546109564) (59,1,0.8148133134149012) (38,18,0.7792071121548467) (58,11,0.8903826826724828) (17,35,0.8985725157644676) (2,48,0.7767885769293659) (46,41,0.7508195612025071) (34,7,0.8260978617115396) (34,45,0.8778573718062015) 